Adult + paed ART totals
2000	11	0	508
2001	11	0	1266
2002	11	0	2169
2003	11	16	3242
2004	0	136	3333
2004	6	936	3883
2004	11	1792	4342
2005	5	3693	5325
2005	6	4529	5489
2005	11	6902	6309
2006	5	12345	7247
2006	6	13240	7404
2006	11	18196	8186
2007	5	23785	9424
2007	6	25892	9630
2007	11	31840	10662
2008	5	39878	12840
2008	6	41888	13202
2008	7	44534	13565
2008	8	46879	13928
2008	9	48974	14291
2008	10	50971	14654
2008	11	53246	15017
2009	0	57294	15411
2009	1	58644	15806
2009	2	58928	16200
2009	3	61017	16594
2009	4	64532	16988
2009	5	65090	17383
2009	6	66289	17777
2009	7	69109	18171
2009	8	70064	18565
2009	9	70782	18960
2009	10	74743	19354
2009	11	78343	19748
2010	0	79922	20127
2010	1	80554	20506
2010	2	85877	20885
2010	3	90483	21264
2010	4	91246	21644
2010	5	92468	22023
2010	6	93887	22402
2010	7	95849	22781
2010	8	109544	23160
2010	8	111402	23160
2010	9	113397	23539
2010	10	117667	23918
2010	11	121516	24297
2011	8	100910	25049
2011	8	144069	25049
2012	0	181454	25588
2012	1	185633	25645
2012	2	187630	25702
2012	3	191564	25760
2012	4	199365	25817
2012	5	198401	25874
2012	6	203654	25932
2012	7	207433	25989
2012	8	212039	26046
2012	9	214010	26104
2012	10	216334	26161
2012	11	216978	26219
2013	0	223535	26315
2013	1	217609	26411
2013	2	223047	26507
2013	3	228341	26603
2013	4	229724	26699
2013	5	229580	26795
2013	6	232614	26891
2013	7	238924	26988
2013	8	241875	27084
2013	9	245170	27180
2013	10	248412	27276
2013	11	250008	27372
2014	0	256749	27420
2014	1	262685	27467
2014	2	266731	27515
2014	3	269314	27563
2014	4	274775	27611
2014	5	267201	27658
2014	6	278741	27706
2014	7	281966	27754
2014	8	284984	27801
2014	9	294858	27849
2014	10	299318	27897
2014	11	295003	27945
2015	0	297707	27983
2015	1	302258	28021
2015	2	307953	28060
2015	3	307100	28098
2015	4	316476	28137
2015	5	319502	28175
2015	6	317664	28214
2015	7	325126	28252
2015	8	318232	28290
2015	9	329207	28329
2015	10	330534	28367
2015	11	333300	28406
2016	0	337887	28671
2016	1	343143	28937
2016	2	344561	29202
2016	3	355730	29468
2016	4	357752	29733
2016	5	362755	29998
2016	6	368240	30264
2016	7	373045	30529
2016	8	377288	30795
2016	9	385860	31060
2016	10	390964	31326
2016	11	393979	31591
2017	0	396505	31530
2017	1	399689	31469
2017	2	399980	31408
2017	3	403245	31347
2017	4	405976	31285
2017	5	404961	31224
2017	6	409398	31163
2017	7	410578	31102
2017	8	411905	31041
2017	9	423007	30980
2017	10	427039	30919
2017	11	431107	30858
2018	0	430168	30921
2018	1	434389	30984
2018	2	437113	31048
2018	3	440300	31111
2018	4	446235	31174
2018	5	448134	31238
2018	6	454135	31301
2018	7	459019	31364
2018	8	464569	31428
2018	9	470074	31491
2018	10	476192	31554
2018	11	479798	31618
2019	0	484903	31428
2019	1	489633	31239
2019	2	494116	31050
2019	3	499496	30861
2019	4	502427	30672
2019	5	504511	30483
2019	6	507322	30294
2019	7	509358	30105
2019	8	514347	29916
2019	9	513325	29727
2019	10	515124	29538
2019	11	518173	29349
2020	0	516037	29313
2020	1	515748	29278
2020	2	522129	29243
2020	3	523116	29208
2020	4	523205	29172
2020	5	528392	29137
2020	6	529876	29102
2020	7	532333	29067
2020	8	536165	29031
Paed ART totals
2000	11	0	42
2001	11	0	105
2002	11	0	179
2003	11	0	268
2004	0	0	276
2004	5	21	314
2004	6	31	321
2004	11	71	359
2005	5	261	440
2005	6	406	430
2005	11	600	494
2006	5	899	568
2006	6	938	548
2006	11	1419	606
2007	5	1874	697
2007	6	2071	670
2007	11	2281	742
2008	5	2983	894
2008	6	3051	849
2008	11	4057	966
2009	5	5033	1118
2009	6	5169	1049
2009	11	5736	1166
2010	0	6085	1188
2010	1	6406	1211
2010	2	6736	1233
2010	3	6890	1255
2010	4	6925	1278
2010	5	6245	1300
2010	6	6414	1204
2010	7	7790	1224
2010	8	8841	1245
2010	9	9086	1265
2010	10	9534	1285
2010	11	9827	1306
2011	8	5435	1222
2012	0	11552	1240
2012	1	11553	1243
2012	2	11518	1245
2012	3	11628	1248
2012	4	11855	1251
2012	5	11872	1254
2012	6	12214	1119
2012	7	12289	1122
2012	8	12501	1124
2012	9	12467	1127
2012	10	12723	1129
2012	11	12782	1132
2013	0	13689	1136
2013	1	12753	1140
2013	2	12878	1144
2013	3	13091	1148
2013	4	12967	1152
2013	5	13161	1156
2013	6	13075	1018
2013	7	13641	1022
2013	8	13343	1026
2013	9	14694	1029
2013	10	13703	1033
2013	11	13726	1037
2014	0	14077	1038
2014	1	14474	1040
2014	2	14664	1042
2014	3	14751	1044
2014	4	14808	1046
2014	5	14288	1047
2014	6	15089	903
2014	7	15879	904
2014	8	15118	906
2014	9	15486	907
2014	10	15509	909
2014	11	15502	910
2015	0	15843	912
2015	1	16001	913
2015	2	16201	914
2015	3	16248	915
2015	4	16429	917
2015	5	16380	918
2015	6	15966	770
2015	7	16453	771
2015	8	16169	772
2015	9	16547	773
2015	10	16595	774
2015	11	16671	775
2016	0	16726	782
2016	1	16796	790
2016	2	16112	797
2016	3	17093	804
2016	4	17027	811
2016	5	16913	819
2016	6	16974	666
2016	7	17104	672
2016	8	17251	677
2016	9	17256	683
2016	10	17257	689
2016	11	17465	695
2017	0	17557	694
2017	1	18012	692
2017	2	17349	691
2017	3	19457	690
2017	4	17377	688
2017	5	19015	687
2017	6	17175	559
2017	7	17045	558
2017	8	17069	557
2017	9	16680	555
2017	10	16752	554
2017	11	16772	553
2018	0	16809	554
2018	1	16765	556
2018	2	16794	557
2018	3	16737	558
2018	4	16969	559
2018	5	16892	560
2018	6	16887	487
2018	7	16962	488
2018	8	16998	489
2018	9	16525	490
2018	10	16623	491
2018	11	16670	492
2019	0	16738	489
2019	1	16796	486
2019	2	16770	483
2019	3	18354	480
2019	4	16725	477
2019	5	18146	474
2019	6	16477	425
2019	7	17171	422
2019	8	16383	420
2019	9	15964	417
2019	10	15739	415
2019	11	19204	412
2020	0	15478	411
2020	1	15423	411
2020	2	19865	410
2020	3	15466	410
2020	4	15187	409
2020	5	18232	409
2020	6	16303	408
2020	7	14958	408
2020	8	16830	407
Paed age distribution
0.10	0.09	0.08	0.11	0.12	0.14	0.15	0.16	0.18	0.21
0.45	0.44	0.40	0.38	0.35	0.35	0.32	0.29	0.30	0.32
Paed age distribution on ART
0.2933	0.2703	0.2335	0.1979	0.1723	0.1666	0.1554	0.1441
0.4137	0.4105	0.4053	0.4123	0.3924	0.3627	0.3411	0.3189
Adult male age distribution on ART
0.01735	0.01879	0.02086	0.02105	0.02270	0.02357	0.02523
0.06889	0.06636	0.06609	0.06117	0.05695	0.05270	0.04847
0.14808	0.14655	0.14499	0.13587	0.13010	0.12360	0.11516
0.18440	0.17822	0.17651	0.17865	0.17731	0.17285	0.17217
0.18007	0.18416	0.18128	0.17760	0.17433	0.17202	0.16906
0.14107	0.13898	0.14152	0.14501	0.14842	0.15094	0.15648
0.10359	0.10405	0.10090	0.10257	0.10352	0.10863	0.11121
0.06477	0.06540	0.06609	0.06958	0.07407	0.07750	0.07982
0.06841	0.07157	0.07439	0.07928	0.08267	0.08721	0.09164
Adult female age distribution on ART
0.07157	0.07176	0.07212	0.06875	0.06526	0.06047	0.05776
0.15052	0.14703	0.14467	0.13715	0.13139	0.12312	0.11764
0.19522	0.19478	0.19040	0.18413	0.17760	0.17190	0.16618
0.17063	0.16645	0.16727	0.17313	0.17658	0.17726	0.17911
0.13594	0.13995	0.13796	0.13714	0.13795	0.13996	0.14005
0.09694	0.09618	0.09839	0.10292	0.10583	0.10930	0.11459
0.06941	0.07093	0.07095	0.07192	0.07395	0.07813	0.07938
0.04245	0.04266	0.04429	0.04727	0.05092	0.05480	0.05739
0.04524	0.04760	0.05041	0.05460	0.05787	0.06234	0.06585
2012 ARV metabolite data (M then F, mean and SD)	
0.2204	0.0813
0.3307	0.0427
2017 ARV metabolite data (M then F, mean and SD)	
0.5625	0.0461
0.6947	0.0261
Fraction of adult ART patients who are male (mean, SD)
2012	0.3607	0.0200
2015	0.2983	0.0100
2016	0.2986	0.0100
2017	0.2865	0.0100
2018	0.3046	0.0100
2019	0.2920	0.0100
2020	0.3054	0.0100
2021	0.3062	0.0100