Adult + paed ART totals
2000	11	0	7416
2001	11	0	18491
2002	11	0	30948
2003	11	2186	44979
2004	0	10110	46149
2004	6	32895	53165
2004	11	64758	59011
2005	5	113375	71121
2005	6	120090	73139
2005	11	173705	83230
2006	5	239244	94346
2006	6	245190	96199
2006	11	318447	105462
2007	5	424009	120458
2007	6	442360	122957
2007	11	532693	135453
2008	5	678550	161794
2008	6	703292	166184
2008	7	726106	170574
2008	8	752701	174964
2008	9	780955	179354
2008	10	807786	183744
2008	11	846569	188134
2009	0	872587	192850
2009	1	920729	197567
2009	2	872896	202283
2009	3	890261	206999
2009	4	919923	211715
2009	5	926957	216431
2009	6	921180	221147
2009	7	948634	225863
2009	8	986102	230579
2009	9	1007002	235296
2009	10	1040370	240012
2009	11	1092125	244728
2010	0	1131294	249066
2010	1	1152923	253404
2010	2	1187434	257742
2010	3	1248905	262080
2010	4	1288058	266418
2010	5	1318028	270756
2010	6	1362688	275094
2010	7	1397774	279432
2010	8	1462527	283769
2010	8	1417272	283769
2010	9	1492305	288107
2010	10	1532028	292445
2010	11	1569446	296783
2011	8	1735690	307264
2011	8	1826854	307264
2012	0	1954308	311295
2012	1	2015695	311832
2012	2	2055668	312369
2012	3	2102263	312906
2012	4	2182018	313444
2012	5	2168613	313981
2012	6	2201670	314518
2012	7	2252137	315055
2012	8	2291713	315593
2012	9	2321002	316130
2012	10	2377202	316667
2012	11	2398846	317204
2013	0	2461706	318165
2013	1	2486088	319125
2013	2	2524931	320086
2013	3	2572323	321046
2013	4	2615744	322007
2013	5	2629448	322967
2013	6	2641925	323928
2013	7	2683423	324888
2013	8	2670695	325849
2013	9	2750268	326809
2013	10	2778332	327770
2013	11	2800104	328730
2014	0	2834164	329051
2014	1	2847383	329372
2014	2	2877977	329693
2014	3	2906954	330014
2014	4	2928425	330335
2014	5	2920597	330656
2014	6	2986401	330977
2014	7	3020519	331298
2014	8	3074559	331619
2014	9	3119054	331940
2014	10	3141089	332261
2014	11	3156612	332582
2015	0	3190034	332753
2015	1	3233628	332924
2015	2	3268731	333095
2015	3	3310639	333266
2015	4	3327549	333437
2015	5	3348106	333608
2015	6	3355875	333779
2015	7	3390187	333950
2015	8	3408603	334121
2015	9	3438164	334292
2015	10	3465224	334463
2015	11	3486937	334634
2016	0	3514580	337413
2016	1	3553438	340193
2016	2	3600917	342972
2016	3	3661743	345752
2016	4	3704925	348531
2016	5	3707644	351311
2016	6	3718194	354090
2016	7	3783651	356870
2016	8	3826622	359649
2016	9	3880751	362429
2016	10	3926052	365208
2016	11	3944679	367987
2017	0	3990297	367284
2017	1	4023600	366581
2017	2	4041695	365878
2017	3	4078108	365174
2017	4	4101785	364471
2017	5	4086228	363768
2017	6	4121152	363064
2017	7	4163888	362361
2017	8	4196302	361658
2017	9	4255231	360955
2017	10	4293725	360251
2017	11	4324921	359548
2018	0	4347083	360283
2018	1	4377442	361018
2018	2	4386491	361752
2018	3	4438149	362487
2018	4	4500390	363222
2018	5	4496137	363957
2018	6	4542868	364691
2018	7	4587817	365426
2018	8	4629831	366161
2018	9	4674607	366896
2018	10	4720364	367630
2018	11	4750086	368365
2019	0	4786560	369605
2019	1	4818568	370846
2019	2	4857477	372086
2019	3	4900859	373326
2019	4	4925470	374566
2019	5	4922520	375807
2019	6	4949900	377047
2019	7	4980592	378287
2019	8	5020308	379527
2019	9	5035291	380768
2019	10	5037850	382008
2019	11	5026674	383248
2020	0	5011173	384246
2020	1	4998652	385244
2020	2	4992365	386241
2020	3	5016095	387239
2020	4	5037082	388237
2020	5	5045922	389235
2020	6	5052291	390232
2020	7	5079759	391230
2020	8	5117541	392228
2020	9	5136729	393226
2020	10	5152245	394223
2020	11	5172622	395221
2021	0	5185795	395360
2021	1	5201222	395500
2021	2	5215830	395639
2021	3	5221470	395779
2021	4	5226971	395918
2021	5	5217762	396058
2021	6	5220818	396197
2021	7	5241641	396337
2021	8	5271837	396476
Paed ART totals
2000	11	0	615
2001	11	0	1533
2002	11	0	2566
2003	11	0	3729
2004	0	1618	3826
2004	5	3051	4311
2004	6	3327	4408
2004	11	6831	4893
2005	5	11959	5897
2005	6	12926	5735
2005	11	18159	6526
2006	5	23369	7397
2006	6	24538	7110
2006	11	30767	7794
2007	5	37694	8903
2007	6	38849	8534
2007	11	48039	9401
2008	5	59523	11229
2008	6	61819	10659
2008	11	73730	12067
2009	5	85630	13882
2009	6	87555	13019
2009	11	100282	14407
2010	0	103407	14663
2010	1	105224	14918
2010	2	107042	15173
2010	3	109516	15429
2010	4	112179	15684
2010	5	113759	15940
2010	6	118167	14746
2010	7	123185	14978
2010	8	129512	15211
2010	9	131572	15443
2010	10	133383	15676
2010	11	137113	15908
2015	6	164571	9100
2015	7	164533	9105
2015	8	163028	9110
2015	9	164745	9114
2015	10	164290	9119
2015	11	164302	9124
2016	0	164587	9199
2016	1	166263	9275
2016	2	166963	9351
2016	3	169733	9427
2016	4	168174	9503
2016	5	166986	9578
2016	6	160983	7789
2016	7	163696	7850
2016	8	164801	7911
2016	9	159834	7972
2016	10	160960	8033
2016	11	161224	8095
2017	0	161461	8079
2017	1	161928	8064
2017	2	161140	8048
2017	3	163469	8033
2017	4	160536	8017
2017	5	160567	8002
2017	6	157634	6510
2017	7	158521	6497
2017	8	161772	6484
2017	9	157110	6472
2017	10	156980	6459
2017	11	157397	6447
2018	0	157051	6460
2018	1	156891	6473
2018	2	155994	6486
2018	3	157175	6499
2018	4	157878	6513
2018	5	157304	6526
2018	6	155363	5676
2018	7	156001	5687
2018	8	156178	5699
2018	9	154641	5710
2018	10	154561	5722
2018	11	155307	5733
2019	0	153644	5752
2019	1	153825	5772
2019	2	153558	5791
2019	3	154053	5810
2019	4	152010	5830
2019	5	152060	5849
2019	6	153202	5291
2019	7	151027	5309
2019	8	147793	5326
2019	9	145122	5344
2019	10	143893	5361
2019	11	146209	5378
2020	0	141505	5392
2020	1	139250	5406
2020	2	142819	5420
2020	3	138179	5434
2020	4	137315	5448
2020	5	139828	5462
2020	6	135176	4498
2020	7	133319	4509
2020	8	136687	4521
2020	9	130635	4532
2020	10	130796	4544
2020	11	129568	4555
2021	0	130719	4557
2021	1	127623	4558
2021	2	126577	4560
2021	3	126357	4561
2021	4	126189	4563
2021	5	125229	4565
2021	6	122725	4566
2021	7	124646	4568
2021	8	123139	4570
Paed age distribution starting ART
0.10	0.09	0.08	0.11	0.12	0.14	0.15	0.16	0.18	0.21
0.45	0.44	0.40	0.38	0.35	0.35	0.32	0.29	0.30	0.32
Paed age distribution on ART
0.2967	0.2636	0.2364	0.2145	0.1954	0.1845	0.1699	0.1573
0.4043	0.4030	0.3992	0.3930	0.3789	0.3608	0.3442	0.3258
Adult male age distribution on ART
0.01829	0.01964	0.02145	0.02203	0.02258	0.02284	0.02402
0.06812	0.06604	0.06613	0.06225	0.05840	0.05181	0.04787
0.14774	0.14695	0.14500	0.13824	0.13057	0.12114	0.11202
0.19324	0.18486	0.18093	0.18129	0.17990	0.17511	0.17342
0.19271	0.19477	0.19128	0.18701	0.18349	0.18178	0.17710
0.14252	0.14258	0.14612	0.15022	0.15466	0.15921	0.16551
0.09914	0.10040	0.09900	0.10063	0.10332	0.11057	0.11414
0.06079	0.06216	0.06354	0.06670	0.07059	0.07403	0.07728
0.05495	0.05827	0.06122	0.06561	0.07018	0.07704	0.08237
Adult female age distribution on ART
0.06798	0.06800	0.06879	0.06562	0.06163	0.05608	0.05336
0.14592	0.14202	0.13973	0.13386	0.12814	0.11894	0.11331
0.19527	0.19374	0.18894	0.18238	0.17570	0.16888	0.16269
0.18280	0.17750	0.17485	0.17816	0.17982	0.17964	0.18089
0.14419	0.14803	0.14752	0.14647	0.14711	0.15008	0.14941
0.09976	0.09951	0.10247	0.10706	0.11048	0.11521	0.12101
0.06865	0.07087	0.07138	0.07289	0.07593	0.08100	0.08220
0.04044	0.04196	0.04442	0.04799	0.05157	0.05521	0.05802
0.03505	0.03772	0.04076	0.04473	0.04930	0.05528	0.05965
2012 ARV metabolite data (M then F, mean and SD)	
0.2421	0.0253
0.3421	0.0173
2017 ARV metabolite data (M then F, mean and SD)	
0.5796	0.0220
0.6666	0.0125
Fraction of adult ART patients who are male (mean, SD)
2012	0.3427	0.0200
2017	0.2961	0.0100
2018	0.3060	0.0100
2019	0.2980	0.0100