Total deaths in facilities
401	719	909	1478	1477	1767	1493	1470	1841	1945	1841	1591	1370
165	286	402	493	581	762	616	683	737	723	693	686	648
Proportion of deaths with HIV diagnosis
0.3791	0.4172	0.4213	0.3329	0.3595	0.3181	0.2773	0.2293	0.2015	0.1856	0.1831	0.1722	0.1847
0.5455	0.5909	0.6244	0.5051	0.4871	0.5276	0.4854	0.4173	0.3908	0.3485	0.3867	0.3411	0.3056
Proportion of HIV-diagnosed deaths on ART
0.0987	0.1433	0.2298	0.2276	0.2580	0.3399	0.4058	0.4362	0.5984	0.6094	0.7003	0.6496	0.6047
0.1111	0.3077	0.3546	0.3414	0.4735	0.4701	0.5351	0.5614	0.5625	0.6270	0.6567	0.7137	0.7323

