cholIMIS 0
	              0	              0	              0	              0	              0	              0	              0	              0
	              0	              0	              0	              0	              0	              0	              0	              0
	              0	              0	              0	              0	              0	              0	              0	              0
	              0	              0	              0	              0	              0	              0	              0	              0
	              0	              0	              0	              0	              0	              0	              0	              0
	              0	              0	              0	              0	              0	              0	              0	              0
	              0	              0	              0	              0	              0	              0	              0	              0
	              0	              0	              0	              0	              0	              0	              0	              0
cholIMIS 1
	       0.388374	     -0.0324617	      0.0687397	     -0.0953952	     -0.0579884	       -0.41878	      0.0094328	      0.0282268
	              0	       0.544138	      -0.055286	        0.21559	       0.099334	      -0.629295	     -0.0278652	    -0.00908425
	              0	              0	         0.3786	      -0.107841	    -0.00195672	       0.178199	    -0.00488547	    -0.00543182
	              0	              0	              0	       0.352626	     -0.0373969	      -0.280364	    -0.00304101	      0.0159101
	              0	              0	              0	              0	       0.109464	     -0.0566948	     -0.0130134	     -0.0115654
	              0	              0	              0	              0	              0	        1.09831	     0.00331792	    -0.00970568
	              0	              0	              0	              0	              0	              0	      0.0579417	    -0.00146839
	              0	              0	              0	              0	              0	              0	              0	      0.0482253
cholIMIS 2
	       0.302982	      -0.418954	      0.0101052	        0.13182	     -0.0405256	      0.0404105	      0.0170383	     -0.0122999
	              0	       0.581804	      0.0130641	     -0.0912561	     0.00940666	      -0.161726	     -0.0182355	      0.0302233
	              0	              0	       0.313623	     -0.0279121	      0.0176171	     -0.0227809	     0.00701408	    -0.00854886
	              0	              0	              0	       0.245042	     -0.0192649	       0.043793	    -0.00426584	     0.00953593
	              0	              0	              0	              0	       0.073937	     -0.0618661	     0.00462866	     -0.0144311
	              0	              0	              0	              0	              0	       0.452317	    -0.00291123	     0.00466402
	              0	              0	              0	              0	              0	              0	      0.0316439	    -0.00813139
	              0	              0	              0	              0	              0	              0	              0	         0.0444
cholIMIS 3
	        0.37333	      0.0496048	        0.05229	     -0.0392394	     -0.0631734	      -0.215845	       0.010133	      0.0310108
	              0	       0.392276	     0.00211512	      0.0704455	     -0.0605436	     -0.0624603	     -0.0276301	      0.0124098
	              0	              0	       0.271929	      -0.026166	    0.000953337	     -0.0489326	     -0.0013309	   -0.000984432
	              0	              0	              0	       0.280515	     -0.0200536	     -0.0242985	     0.00332997	      0.0036912
	              0	              0	              0	              0	       0.138662	      -0.396485	      0.0128009	    -0.00342621
	              0	              0	              0	              0	              0	       0.790177	     -0.0097571	    -0.00917694
	              0	              0	              0	              0	              0	              0	       0.042688	     0.00362904
	              0	              0	              0	              0	              0	              0	              0	      0.0457157
cholIMIS 4
	         0.5466	      0.0401656	     -0.0195747	     -0.0339198	      0.0109049	      -0.185942	      -0.011691	      0.0340947
	              0	       0.251999	      0.0110329	      0.0105216	     -0.0361749	     -0.0723761	    -0.00974652	      0.0165638
	              0	              0	       0.217716	    -0.00174047	     0.00112672	     -0.0358948	    0.000350699	     0.00254509
	              0	              0	              0	       0.220934	     -0.0388449	      0.0615458	      0.0034988	     0.00891711
	              0	              0	              0	              0	       0.127448	      0.0728419	    -0.00765441	     0.00519004
	              0	              0	              0	              0	              0	       0.459515	   -0.000110822	     0.00608113
	              0	              0	              0	              0	              0	              0	      0.0340537	    -0.00221319
	              0	              0	              0	              0	              0	              0	              0	      0.0412393
cholIMIS 5
	       0.292606	     -0.0156511	     -0.0303878	      0.0155349	     0.00725093	    -0.00328337	     -0.0111264	      0.0057558
	              0	       0.290341	      0.0441701	     -0.0393189	      0.0113634	        0.19485	    -0.00690657	      0.0393757
	              0	              0	       0.135662	   -0.000331111	    -0.00321625	     -0.0540802	     0.00837812	      0.0181226
	              0	              0	              0	         0.2403	    -0.00731821	     0.00605884	    -0.00966594	     -0.0034965
	              0	              0	              0	              0	      0.0936951	       0.116612	    -0.00863819	     -0.0047526
	              0	              0	              0	              0	              0	       0.468592	     -0.0078408	     -0.0049148
	              0	              0	              0	              0	              0	              0	      0.0289362	      0.0148635
	              0	              0	              0	              0	              0	              0	              0	      0.0307527
cholIMIS 6
	       0.351003	      0.0707912	      0.0378377	      0.0780681	     -0.0116538	       -0.25424	      0.0164812	      0.0510412
	              0	        0.24468	      0.0288864	      0.0560292	    -0.00758723	       0.150567	     -0.0109553	       0.031489
	              0	              0	       0.171613	      0.0675625	      0.0192101	      -0.136991	    -0.00827925	       0.012573
	              0	              0	              0	       0.247988	     0.00242818	     -0.0561484	     -0.0129717	     0.00305378
	              0	              0	              0	              0	       0.105169	        0.12754	     -0.0257411	     0.00022893
	              0	              0	              0	              0	              0	       0.512605	    -0.00797271	     0.00472435
	              0	              0	              0	              0	              0	              0	      0.0393505	      0.0124899
	              0	              0	              0	              0	              0	              0	              0	      0.0341434
cholIMIS 7
	       0.345661	    -0.00656294	      0.0259524	    -0.00922699	      0.0617159	      -0.452063	     -0.0344339	     0.00792239
	              0	       0.285061	     -0.0303169	     -0.0844341	    -0.00875534	     -0.0867247	    -0.00440957	      0.0144118
	              0	              0	       0.158161	     -0.0252461	     0.00448736	      0.0240863	    0.000887066	      0.0130593
	              0	              0	              0	       0.457514	      0.0366479	      -0.383266	      -0.012935	    -0.00766351
	              0	              0	              0	              0	        0.13805	      -0.260167	      -0.025043	     -0.0139012
	              0	              0	              0	              0	              0	       0.603114	     0.00456807	     0.00265399
	              0	              0	              0	              0	              0	              0	      0.0416707	      0.0159039
	              0	              0	              0	              0	              0	              0	              0	      0.0358472
cholIMIS 8
	       0.349796	      0.0600817	      0.0603851	     -0.0513243	      0.0119988	      -0.405922	     0.00656311	      0.0453175
	              0	       0.234742	    -0.00286869	        0.10781	     -0.0109002	      -0.119654	   -0.000413056	      0.0205165
	              0	              0	       0.137232	      -0.011181	     -0.0067515	       0.012537	     0.00692397	      0.0216024
	              0	              0	              0	       0.347817	     -0.0224979	     -0.0858774	     0.00105731	     0.00240591
	              0	              0	              0	              0	       0.109623	      -0.194617	    -0.00929275	    -0.00686222
	              0	              0	              0	              0	              0	       0.587806	    -0.00389359	   -0.000933295
	              0	              0	              0	              0	              0	              0	      0.0454545	      0.0265564
	              0	              0	              0	              0	              0	              0	              0	      0.0322412
cholIMIS 9
	       0.356065	    -0.00280823	     0.00418824	      0.0645382	      0.0214731	      -0.282471	    -0.00506038	      0.0163095
	              0	       0.256673	     0.00522038	     -0.0382535	    -0.00553081	     -0.0249431	    -0.00589121	      0.0279499
	              0	              0	       0.110451	     -0.0409741	      0.0130639	      -0.199614	      0.0174411	      0.0358591
	              0	              0	              0	       0.282486	    -0.00468077	      0.0419357	    -0.00670101	    -0.00864028
	              0	              0	              0	              0	       0.103484	      -0.135418	    -0.00162224	     0.00128826
	              0	              0	              0	              0	              0	       0.625198	    -0.00364854	    -0.00637629
	              0	              0	              0	              0	              0	              0	      0.0403881	      0.0237567
	              0	              0	              0	              0	              0	              0	              0	      0.0235018
cholIMIS 10
	       0.334637	     0.00676032	    -0.00200989	      0.0260823	      0.0125519	      -0.228686	    -0.00640161	     0.00623585
	              0	       0.239695	      0.0390523	       0.100551	     -0.0203254	       0.175783	     -0.0159815	      0.0351876
	              0	              0	       0.141863	     -0.0249214	     0.00845324	       0.296872	    -0.00541555	       0.032731
	              0	              0	              0	       0.285013	    -0.00520095	     -0.0441535	     -0.0048234	    -0.00255812
	              0	              0	              0	              0	      0.0826799	     0.00400045	    -0.00228246	   -0.000859897
	              0	              0	              0	              0	              0	       0.758084	      -0.013336	     0.00715222
	              0	              0	              0	              0	              0	              0	      0.0419411	      0.0160844
	              0	              0	              0	              0	              0	              0	              0	       0.030857
cholIMIS 11
	        0.24273	      -0.015331	      0.0020347	      0.0194041	      0.0106443	      -0.159113	    -0.00600131	      0.0131726
	              0	       0.243567	     0.00192691	      -0.138813	     -0.0264993	     -0.0647451	       0.013033	      0.0326129
	              0	              0	       0.101342	      0.0462137	     -0.0083155	     -0.0775414	    -0.00567568	      0.0300941
	              0	              0	              0	       0.253097	    -0.00842143	       0.139071	     -0.0141502	    -0.00173737
	              0	              0	              0	              0	      0.0902649	       -0.10614	    -0.00344141	   -0.000273421
	              0	              0	              0	              0	              0	       0.475795	    -0.00223567	    -0.00473127
	              0	              0	              0	              0	              0	              0	      0.0374955	      0.0108122
	              0	              0	              0	              0	              0	              0	              0	      0.0216202
