     0	     0	         0	  0.869808	   1.89889	   4.31923	   10.2489	   22.5979	   44.7591	   195.835	   574.752	    1296.6	   2479.15	   4218.97	   6486.19	   9298.77	     12553	     16120	   19858.4	   23740.5	   27634.6	   31644.4	   35481.3	   40678.1	     46020	   51149.7	   56634.7	   71751.9	   84162.5	   88355.9	     89541	   86402.1	   84291.3	   83565.3	   66451.6	   51400.6	   42245.8	   37687.7	         0	         0	         0	         0	         0	         0	         0	         0	         0	         0	         0	         0	         0	         0	         0
     1	     0	         0	  0.605407	   1.36734	   3.32736	   8.47013	    19.769	   40.8973	   185.507	   554.552	   1264.77	   2432.32	   4149.13	   6384.21	   9154.85	   12362.9	   15888.7	     19601	   23485.1	   27421.1	   31521.3	   35503.3	   40929.6	   46550.7	   51986.6	   57785.5	   73368.9	   86061.7	   90275.7	   91304.8	   87989.9	   85625.3	   84584.6	   67967.9	   53117.9	   43886.7	   39099.1	         0	         0	         0	         0	         0	         0	         0	         0	         0	         0	         0	         0	         0	         0	         0
     2	     0	         0	  0.890993	   1.97658	   4.58816	    11.052	   24.5476	   48.6901	   211.809	   617.845	   1385.38	   2634.21	   4462.05	   6835.31	   9773.29	   13169.2	   16890.9	   20793.6	   24851.6	   28928.6	   33131.3	   37168.2	   42645.8	   48291.8	   53739.8	   59586.5	     75589	   88741.2	   93251.2	   94596.9	   91402.8	   89293.8	   88638.6	   71424.2	   56090.8	   46671.9	   41975.7	         0	         0	         0	         0	         0	         0	         0	         0	         0	         0	         0	         0	         0	         0	         0
     3	     0	         0	  0.652943	   1.46993	   3.52782	   8.83344	   20.3619	   41.8219	   189.935	   571.477	   1315.11	    2554.8	   4399.95	   6819.73	   9823.77	     13289	   17065.4	   20993.3	   25040.3	   29065.1	   33173.6	   37065.4	   42276.5	   47600.1	   52665.5	   58012.2	   72631.3	   84426.5	   88227.2	   89048.3	   85772.5	   83376.4	   82199.4	     65348	   50408.7	   41110.9	   36190.2	         0	         0	         0	         0	         0	         0	         0	         0	         0	         0	         0	         0	         0	         0	         0
     4	     0	         0	  0.579493	   1.30971	   3.21635	   8.26352	   19.3975	   40.2334	   183.709	   549.358	   1252.55	   2410.62	   4120.24	   6355.26	   9133.36	   12350.7	   15878.5	   19575.4	   23417.4	   27277.3	   31264.2	   35082.4	   40248.7	     45557	   50646.8	   56069.5	   70937.9	   83079.2	     87127	   88205.6	   85081.7	   82948.1	   82155.3	   65838.5	   51415.7	   42599.7	   38199.1	         0	         0	         0	         0	         0	         0	         0	         0	         0	         0	         0	         0	         0	         0	         0
     5	     0	         0	  0.506581	   1.14362	   2.80668	   7.22089	   17.0487	   35.7344	   167.206	   508.776	   1178.02	   2297.55	    3968.7	   6168.52	   8910.07	     12084	   15556.2	   19182.3	   22936.7	   26696.8	     30576	     34282	     39340	   44528.6	   49487.8	   54758.9	   69363.3	     81084	     84657	   85258.4	   81778.4	   79301.4	   78148.1	   61499.5	   46974.1	   38134.3	   33627.9	         0	         0	         0	         0	         0	         0	         0	         0	         0	         0	         0	         0	         0	         0	         0
     6	     0	         0	  0.610379	   1.33722	   3.09889	   7.51675	   16.9335	   34.2684	   154.801	   463.345	   1062.54	   2062.05	   3558.64	   5545.52	   8053.83	     11004	   14287.1	   17775.6	   21444.4	   25172.2	     29059	   32823.9	   37956.5	   43238.7	   48303.8	     53684	     68395	     80217	   83810.2	   84371.1	   80825.3	   78278.5	   77064.2	   61391.7	   47479.6	   38916.4	   34538.8	         0	         0	         0	         0	         0	         0	         0	         0	         0	         0	         0	         0	         0	         0	         0
     7	     0	         0	    0.4453	  0.997403	   2.46856	   6.42967	    15.315	   32.2801	   152.767	   466.159	   1079.05	   2098.59	   3610.25	   5590.21	    8055.4	   10916.7	   14061.7	   17366.4	   20809.5	   24278.7	   27874.7	   31348.6	   36177.9	   41185.8	   46074.5	   51430.6	   66440.3	   78904.4	     83215	     84626	   81742.4	     80051	   79880.2	   65303.6	   52292.7	   44524.9	   41079.8	         0	         0	         0	         0	         0	         0	         0	         0	         0	         0	         0	         0	         0	         0	         0
     8	     0	         0	  0.675021	   1.51308	   3.60029	    8.9283	   20.4036	   41.5964	   187.636	   560.535	   1281.39	    2476.3	   4251.16	   6582.43	   9488.58	     12859	   16556.6	   20430.8	   24453.8	     28492	     32658	   36639.8	   42004.2	   47515.7	   52801.1	   58427.5	   73784.8	   86373.5	     90674	   91934.9	   88851.9	   86781.3	   86085.3	   69018.1	   53991.8	   44825.1	   40263.3	         0	         0	         0	         0	         0	         0	         0	         0	         0	         0	         0	         0	         0	         0	         0
     9	     0	         0	  0.526365	   1.19881	   2.93104	   7.48893	   17.6139	   36.9103	   172.572	   527.541	   1227.89	   2405.19	   4168.34	   6497.05	   9411.73	   12806.5	   16549.2	   20493.1	   24614.4	   28782.5	   33115.6	   37298.3	   42969.3	   48812.4	   54429.1	   60396.3	     76533	   89633.7	   93910.1	   94924.8	     91443	   89004.9	   87984.7	   70715.5	   55304.7	   45753.3	   40844.3	         0	         0	         0	         0	         0	         0	         0	         0	         0	         0	         0	         0	         0	         0	         0
    10	     0	         0	   0.57139	   1.29666	   3.20262	   8.27496	    19.517	   40.6367	   186.544	   559.381	   1278.11	   2464.11	   4217.26	   6510.26	   9358.97	   12653.5	   16257.8	     20024	   23924.5	     27827	   31839.3	   35665.6	     40851	   46167.5	   51256.7	   56679.6	   71655.7	   83807.7	   87736.8	   88648.8	   85339.1	   83040.6	   82095.3	   65580.7	   50954.6	     41973	   37419.2	         0	         0	         0	         0	         0	         0	         0	         0	         0	         0	         0	         0	         0	         0	         0
    11	     0	         0	  0.713509	   1.55623	   3.49419	   8.13839	   17.7507	   35.1811	   157.674	   471.025	   1081.33	    2105.7	   3652.88	   5727.26	   8370.19	   11501.7	     15008	   18750.2	   22697.7	   26721.2	   30934.2	   35001.5	   40497.6	   46126.5	   51472.9	   57080.4	     72336	   84424.7	   87849.3	   88116.2	   84165.6	   81259.2	   79730.9	   63097.5	   48443.1	   39411.3	   34716.1	         0	         0	         0	         0	         0	         0	         0	         0	         0	         0	         0	         0	         0	         0	         0
    12	     0	         0	  0.616654	   1.38626	    3.3748	   8.60265	   20.0598	   41.3553	   187.624	   558.339	   1267.79	   2431.47	   4143.85	   6376.42	   9145.82	   12347.7	   15852.4	   19518.2	   23317.9	   27122.1	   31033.7	   34771.4	   39866.6	   45110.6	   50176.2	   55658.2	   70967.3	   83753.1	   88350.9	   89992.8	   87202.5	   85542.7	   85380.1	   68653.4	   53959.6	   45178.7	   41096.3	         0	         0	         0	         0	         0	         0	         0	         0	         0	         0	         0	         0	         0	         0	         0
    13	     0	         0	  0.604426	   1.35157	   3.23391	   8.09475	   18.6739	   38.3952	   175.321	   526.198	   1205.96	   2334.05	    4010.9	   6216.93	   8974.41	   12185.1	   15725.5	   19457.9	   23361.2	   27312.8	   31430.4	   35409.5	     40832	   46422.6	   51797.5	   57521.1	   73137.4	   85753.1	   89724.6	   90528.2	   86970.2	   84481.1	     83417	   67256.9	   52705.2	   43671.4	   39054.2	         0	         0	         0	         0	         0	         0	         0	         0	         0	         0	         0	         0	         0	         0	         0
    14	     0	         0	  0.859803	   1.85804	   4.16476	   9.73252	   21.2056	    41.677	    180.64	   528.487	   1190.42	   2274.53	   3871.28	   5958.63	   8559.99	     11587	   14928.3	   18458.5	   22160.5	   25918.4	   29842.4	   33648.6	   38836.8	   44214.1	   49423.4	   55017.6	   70228.6	   82798.3	   87171.2	   88540.2	   85580.5	   83669.4	   83170.8	   67636.2	   53678.5	   45142.5	   41016.9	         0	         0	         0	         0	         0	         0	         0	         0	         0	         0	         0	         0	         0	         0	         0
    15	     0	         0	  0.659178	   1.48298	   3.54311	   8.81749	   20.2613	   41.6602	   190.708	   577.764	   1337.35	   2609.08	    4503.7	   6982.15	   10041.6	   13541.9	   17320.1	   21208.4	   25175.2	   29081.3	   33038.4	   36743.7	   41721.4	   46779.9	   51566.5	   56619.2	   70699.4	   81994.3	   85548.9	   86254.9	   83031.1	   80688.6	   79545.4	     62882	   48244.3	     39215	   34474.9	         0	         0	         0	         0	         0	         0	         0	         0	         0	         0	         0	         0	         0	         0	         0
    16	     0	         0	  0.491649	   1.11929	   2.77146	   7.18991	   17.0895	   35.9826	   167.724	   508.937	   1175.11	    2287.1	   3948.69	   6147.08	   8908.13	   12135.9	   15707.3	     19482	     23437	   27446.5	   31626.3	   35653.6	   41086.5	   46658.3	   51966.1	   57540.4	   72634.7	   84752.4	   88477.4	   89071.3	   85453.7	   82790.7	   81439.6	   64455.8	   49474.3	   40216.6	   35373.5	         0	         0	         0	         0	         0	         0	         0	         0	         0	         0	         0	         0	         0	         0	         0
    17	     0	         0	  0.565769	   1.28097	   3.13426	   8.00966	   18.7615	   39.0027	   179.751	   543.058	   1251.22	   2431.55	   4189.41	   6498.83	   9371.27	   12689.3	   16310.3	   20081.1	     23973	   27854.3	   31836.3	   35609.6	   40693.1	   45884.6	   50820.2	   56040.4	   70490.6	   82168.2	   85888.6	   86684.1	   83405.6	   81077.3	   80033.1	   63058.1	     48291	   39306.2	   34725.6	         0	         0	         0	         0	         0	         0	         0	         0	         0	         0	         0	         0	         0	         0	         0
    18	     0	         0	  0.889427	   1.95647	   4.51363	   10.8185	   23.9538	   47.4589	   206.677	   601.829	   1345.09	   2546.63	   4292.79	   6544.38	   9313.25	   12491.2	   15950.2	   19552.8	   23280.1	   27010.3	   30855.2	   34532.4	   39595.1	   44802.7	   49816.5	   55211.5	   70316.1	     82627	   86631.5	     87630	   84351.5	   82175.9	   81435.2	   64439.7	   49655.8	   40771.9	   36430.9	         0	         0	         0	         0	         0	         0	         0	         0	         0	         0	         0	         0	         0	         0	         0
    19	     0	         0	  0.732583	   1.59548	    3.6687	   8.83598	   19.7228	   39.4018	   172.699	   506.104	   1138.12	   2168.66	   3682.12	   5659.71	   8127.06	   11003.1	   14179.3	   17531.7	   21035.3	   24569.9	   28223.2	     31759	   36616.9	   41652.8	   46557.5	   51881.5	     66532	   78783.7	   83219.4	   84760.4	   82086.9	   80412.8	   80095.9	   64582.8	   50812.5	   42489.5	   38520.1	         0	         0	         0	         0	         0	         0	         0	         0	         0	         0	         0	         0	         0	         0	         0
    20	     0	         0	  0.507349	   1.13671	   2.80368	    7.2767	   17.2602	   36.1571	   167.822	    506.35	   1161.93	   2245.17	   3842.88	   5923.37	   8494.96	   11454.1	   14675.1	   18024.5	   21479.7	     24923	   28452.6	   31825.1	   36515.1	   41349.8	   46035.2	   51143.4	     65667	   77579.9	   81483.7	   82495.7	   79363.5	   77353.9	   76782.9	     61358	   47772.1	   39625.5	   35761.9	         0	         0	         0	         0	         0	         0	         0	         0	         0	         0	         0	         0	         0	         0	         0
    21	     0	         0	  0.866436	   1.89485	   4.31764	   10.2563	   22.6266	   44.8277	   196.149	   575.655	   1298.53	   2482.54	   4224.13	   6493.15	    9307.4	     12563	   16130.9	   19869.7	     23752	   27645.8	     31655	   35491.1	   40686.9	   46027.8	   51156.5	   56640.8	   71758.5	   84169.1	   88362.1	     89547	   86407.9	   84297.4	     83572	   66468.1	   51421.6	     42268	     37710	         0	         0	         0	         0	         0	         0	         0	         0	         0	         0	         0	         0	         0	         0	         0
    22	     0	         0	  0.742908	   1.64599	   3.90459	   9.68067	   22.0213	   44.4253	   195.674	   571.256	    1276.3	   2412.99	    4062.1	   6189.65	   8812.96	     11838	   15149.5	   18621.7	   22239.2	   25886.5	   29669.1	     33333	   38415.5	   43704.9	   48890.6	   54574.5	   70342.3	   83602.4	   88470.9	   90293.8	     87574	   86036.9	   86056.9	   70314.5	   56263.3	   47845.6	   44053.2	         0	         0	         0	         0	         0	         0	         0	         0	         0	         0	         0	         0	         0	         0	         0
    23	     0	         0	  0.645203	   1.41547	   3.28438	   7.97474	   17.9765	   36.3902	   163.995	   490.529	   1123.94	   2177.99	   3750.16	   5826.19	   8430.38	   11471.9	   14833.2	   18380.8	   22090.4	     25840	   29735.7	   33485.4	   38577.5	   43815.2	   48843.7	   54207.4	   68925.5	   80932.4	   84876.3	   85871.1	   82713.4	   80572.1	   79795.1	   64555.1	   50879.4	   42477.9	     38323	         0	         0	         0	         0	         0	         0	         0	         0	         0	         0	         0	         0	         0	         0	         0
    24	     0	         0	  0.480466	   1.07285	    2.5946	    6.5884	   15.4159	   32.1384	   150.499	   457.816	   1060.74	   2073.65	   3597.35	   5624.89	   8182.62	   11180.1	   14497.3	   17997.1	   21652.1	   25341.4	   29171.6	     32860	   37927.7	   43144.2	   48159.9	   53528.4	   68406.2	   80394.5	   84064.6	     84729	   81234.9	     78831	   77834.8	     62074	   48195.9	   39775.3	   35625.6	         0	         0	         0	         0	         0	         0	         0	         0	         0	         0	         0	         0	         0	         0	         0
    25	     0	         0	  0.573498	   1.26172	   2.97364	   7.35764	   16.8143	   34.2821	   154.585	   460.095	   1047.52	      2018	   3460.31	   5366.49	   7768.61	   10595.1	   13746.5	   17105.1	   20648.7	   24260.9	   28035.1	   31712.8	   36774.8	   42031.8	   47165.2	     52765	     68255	   81302.1	   86065.7	   87820.9	   85087.1	   83542.7	   83572.9	   68590.6	   55115.2	   47052.8	   43490.4	         0	         0	         0	         0	         0	         0	         0	         0	         0	         0	         0	         0	         0	         0	         0
    26	     0	         0	  0.529608	   1.17583	   2.79701	   6.96763	   16.0668	   33.2105	   155.158	   473.633	    1103.1	   2166.55	   3769.15	   5896.87	    8567.3	   11675.3	   15087.5	   18656.8	   22351.5	   26045.9	   29848.9	   33461.4	   38383.1	   43414.3	     48212	   53322.2	   67621.8	   79136.9	   82669.5	   83333.8	   79981.9	   77672.1	   76712.3	   61105.7	   47373.3	   39037.9	   34918.9	         0	         0	         0	         0	         0	         0	         0	         0	         0	         0	         0	         0	         0	         0	         0
    27	     0	         0	    0.4946	   1.10951	    2.6814	   6.79186	   15.8665	   33.0718	   154.391	   470.634	   1093.91	   2145.51	   3732.76	   5850.04	   8524.52	   11661.8	   15136.4	   18804.9	   22636.3	   26501.9	   30507.8	   34350.8	   39557.4	   44887.7	   49966.9	   55333.7	   70077.2	   81889.7	   85459.3	   86002.6	   82433.5	   79859.4	   78612.5	     62064	   47549.9	   38664.4	   34100.4	         0	         0	         0	         0	         0	         0	         0	         0	         0	         0	         0	         0	         0	         0	         0
    28	     0	         0	  0.399374	  0.899441	   2.25351	    5.9577	   14.4049	   30.8196	    147.82	    455.56	   1059.65	   2063.05	   3546.72	   5487.47	   7905.97	   10722.2	   13833.5	   17123.4	   20572.7	   24068.6	   27705.4	   31231.3	   36105.2	   41143.5	   46032.8	   51347.4	   66222.3	   78501.1	   82611.3	   83765.5	   80664.3	   78711.2	   78251.6	   62959.8	   49481.4	   41434.3	   37720.3	         0	         0	         0	         0	         0	         0	         0	         0	         0	         0	         0	         0	         0	         0	         0
    29	     0	         0	  0.575155	   1.26017	    2.9568	    7.2822	   16.5867	   33.7751	   153.249	    457.98	   1046.83	    2023.3	   3476.07	   5392.54	   7798.38	   10614.3	   13735.2	   17040.3	   20506.7	   24019.9	   27677.3	   31216.8	   36101.2	   41145.4	     46028	   51315.7	   66118.1	     78353	   82471.2	   83663.2	   80593.9	   78675.8	     78250	   62712.9	   49044.4	   40906.5	   37152.5	         0	         0	         0	         0	         0	         0	         0	         0	         0	         0	         0	         0	         0	         0	         0
    30	     0	         0	  0.686945	   1.53764	   3.63053	   8.93253	   20.3412	   41.5062	   188.419	   565.863	   1299.45	      2520	   4336.14	   6721.77	   9690.88	   13124.7	   16876.7	     20789	   24829.7	   28861.8	   32995.8	   36936.4	   42279.8	   47762.6	   53023.3	   58634.4	   74013.9	     86477	   90540.7	   91507.4	   88192.3	   85863.9	   84872.9	   68176.2	     53271	   44017.5	   39231.1	         0	         0	         0	         0	         0	         0	         0	         0	         0	         0	         0	         0	         0	         0	         0
    31	     0	         0	  0.571518	   1.31335	   3.34542	   8.90768	   21.4055	   44.8995	   205.214	   608.703	   1372.26	   2607.69	   4399.66	   6703.55	   9527.61	   12760.7	   16273.7	   19931.3	   23721.1	     27526	   31466.4	   35256.3	   40447.3	     45798	   50937.4	   56406.1	     71393	   83420.3	   87116.9	     87739	   84185.6	   81607.7	   80338.5	     63229	   48265.2	     39085	   34315.8	         0	         0	         0	         0	         0	         0	         0	         0	         0	         0	         0	         0	         0	         0	         0
    32	     0	         0	  0.819078	   1.79475	   4.06358	   9.55139	   20.9588	   41.6459	   184.926	   551.658	   1263.57	   2446.11	   4201.41	   6501.88	   9364.39	   12680.4	   16314.1	   20116.1	   24056.1	     27997	   32040.6	     35896	   41129.8	   46475.9	   51563.8	   56940.6	   71779.6	   83511.4	   86860.3	   87094.9	   83237.2	   80328.2	     78687	   61923.6	   47063.9	   37776.1	   32756.2	         0	         0	         0	         0	         0	         0	         0	         0	         0	         0	         0	         0	         0	         0	         0
    33	     0	         0	  0.842876	   1.84997	    4.2313	    10.075	   22.2838	   44.3272	   196.077	   580.202	   1318.51	   2536.73	   4336.72	   6684.39	   9589.57	   12934.1	   16576.2	   20365.4	   24272.9	   28166.5	   32156.8	   35951.6	   41104.6	   46393.4	     51467	   56900.7	   71991.9	   84327.6	   88447.2	   89593.8	   86448.5	     84358	   83662.5	   66571.5	     51562	   42448.9	   37927.4	         0	         0	         0	         0	         0	         0	         0	         0	         0	         0	         0	         0	         0	         0	         0
    34	     0	         0	  0.675021	   1.51308	   3.60029	    8.9283	   20.4036	   41.5964	   187.636	   560.535	   1281.39	    2476.3	   4251.16	   6582.43	   9488.58	     12859	   16556.6	   20430.8	   24453.8	     28492	     32658	   36639.8	   42004.2	   47515.7	   52801.1	   58427.5	   73784.8	   86373.5	     90674	   91934.9	   88851.9	   86781.3	   86085.3	   69018.1	   53991.8	   44825.1	   40263.3	         0	         0	         0	         0	         0	         0	         0	         0	         0	         0	         0	         0	         0	         0	         0
    35	     0	         0	  0.634362	   1.40711	   3.32801	   8.22661	   18.7704	   38.2517	   173.437	   518.317	   1184.18	   2287.06	   3925.84	   6082.48	   8778.93	     11916	   15366.1	   18986.5	   22747.5	   26520.1	   30408.5	   34121.8	     39173	   44343.8	   49279.9	   54531.3	   69136.8	   80899.8	   84520.9	   85173.8	   81718.2	   79286.6	   78205.3	   62089.1	   47848.6	   39129.4	   34700.7	         0	         0	         0	         0	         0	         0	         0	         0	         0	         0	         0	         0	         0	         0	         0
    36	     0	         0	  0.507069	   1.12899	   2.72235	   6.89929	   16.1203	   33.5711	   156.372	   475.988	   1104.12	   2158.15	   3735.97	   5818.35	   8419.87	   11438.2	   14743.7	   18194.9	   21761.2	   25317.3	   28958.8	   32423.1	   37166.5	   42019.4	   46660.1	   51625.3	   65584.9	   76847.4	   80333.1	   80984.8	   77707.2	   75418.2	   74425.7	     58364	   44466.7	   36109.9	   31953.8	         0	         0	         0	         0	         0	         0	         0	         0	         0	         0	         0	         0	         0	         0	         0
    37	     0	         0	  0.588627	   1.33153	   3.24844	    8.2943	   19.4313	   40.3747	   185.925	   560.077	   1286.22	   2492.52	   4286.44	    6644.5	   9584.27	   12992.1	   16725.2	   20627.1	   24662.1	     28689	   32813.3	   36723.8	   41973.7	   47322.6	   52399.2	   57763.4	   72615.9	   84620.9	   88446.6	   89276.2	   85902.3	   83516.9	   82461.7	   64872.5	   49486.8	   40072.8	   35221.2	         0	         0	         0	         0	         0	         0	         0	         0	         0	         0	         0	         0	         0	         0	         0
    38	     0	         0	  0.612295	    1.3849	   3.36815	   8.56066	   19.9658	   41.3214	   188.422	   564.502	      1290	   2487.06	   4254.69	   6563.72	   9429.64	   12744.1	   16376.3	   20184.8	     24152	   28155.3	   32317.5	   36329.7	   41776.7	   47386.2	   52756.6	     58421	   73717.7	   85942.4	   89662.5	   90203.7	     86514	   83760.9	   82294.8	   65177.5	   49997.5	   40533.3	   35476.5	         0	         0	         0	         0	         0	         0	         0	         0	         0	         0	         0	         0	         0	         0	         0
    39	     0	         0	  0.601724	   1.33125	   3.11107	   7.60177	   17.2585	   35.2405	    161.43	    489.37	    1134.9	   2221.18	   3852.53	   6013.58	   8725.52	     11889	   15378.6	   19054.1	   22891.8	   26768.1	   30798.4	   34668.3	   39904.2	   45266.2	     50353	   55674.2	   70180.8	   81635.7	   84874.8	   85071.7	     81252	   78361.7	   76721.2	   59508.3	   44558.9	   35378.7	     30496	         0	         0	         0	         0	         0	         0	         0	         0	         0	         0	         0	         0	         0	         0	         0
    40	     0	         0	  0.514416	   1.14901	   2.78001	   7.07371	   16.5544	    34.388	   158.459	    475.63	   1087.34	   2098.77	      3602	   5589.34	    8095.9	   11049.4	   14351.6	   17885.2	   21636.1	     25493	     29572	   33575.1	   39074.2	     44786	   50327.4	   56283.3	   72524.6	   85874.5	   90277.9	   91426.7	   87959.7	   85710.8	     85067	     69048	   54668.6	   45926.4	   41766.8	         0	         0	         0	         0	         0	         0	         0	         0	         0	         0	         0	         0	         0	         0	         0
    41	     0	         0	   0.71726	    1.5324	   3.39747	   7.87825	   17.1613	   33.9869	   152.537	   455.615	   1045.09	   2031.13	   3511.01	   5476.49	   7953.48	   10853.8	   14059.2	   17433.7	   20946.3	   24474.6	   28117.2	   31601.2	     36402	     41329	   46059.6	   51149.7	   65495.5	   77038.4	   80480.1	   81021.2	   77539.5	   75166.4	   74202.6	   59714.5	   46767.3	   38873.2	   35023.6	         0	         0	         0	         0	         0	         0	         0	         0	         0	         0	         0	         0	         0	         0	         0
    42	     0	         0	  0.519566	   1.16001	   2.76556	   6.89681	   15.9127	   32.8861	    152.61	   464.482	   1079.79	   2119.67	   3691.71	   5792.07	   8450.35	   11576.4	   15049.8	   18730.9	   22591.3	   26504.7	   30581.6	   34509.4	   39821.4	   45267.7	   50456.3	   55919.5	   70796.2	   82699.1	   86280.4	   86800.3	   83179.3	   80544.5	   79233.8	   62817.1	   48325.1	   39399.5	   34782.3	         0	         0	         0	         0	         0	         0	         0	         0	         0	         0	         0	         0	         0	         0	         0
    43	     0	         0	  0.577543	   1.31478	   3.21207	   8.18177	   19.1358	   39.7966	   183.613	   557.288	   1291.16	   2523.29	   4369.54	   6806.12	   9845.67	   13363.7	   17205.4	     21204	   25321.7	   29410.5	   33571.8	   37502.8	   42768.3	   48127.5	   53212.1	   58577.1	   73361.3	   85244.5	   89006.3	   89757.8	     86381	   83922.4	   82716.6	   65525.4	   50386.4	   41012.4	   36076.5	         0	         0	         0	         0	         0	         0	         0	         0	         0	         0	         0	         0	         0	         0	         0
    44	     0	         0	  0.761744	   1.68842	   3.96206	   9.69101	   21.8523	   43.9592	   194.511	   573.101	   1294.29	   2474.06	   4207.12	    6463.4	   9259.92	   12492.1	     16030	   19731.9	   23571.7	   27419.3	   31377.6	   35169.1	   40334.9	   45660.9	   50813.7	   56381.7	   71769.2	   84522.4	   89020.7	   90509.2	   87611.3	     85792	   85414.6	   69681.6	   55500.4	   46810.8	   42614.1	         0	         0	         0	         0	         0	         0	         0	         0	         0	         0	         0	         0	         0	         0	         0
    45	     0	         0	  0.787031	   1.71083	   3.87866	   9.19498	   20.3458	   40.6287	   179.841	   534.969	   1221.62	   2358.25	   4039.83	   6235.19	   8954.09	   12087.1	   15501.5	   19055.1	   22722.7	   26378.5	   30123.5	   33688.3	   38539.9	   43517.3	     48283	   53362.5	   67445.5	   78828.7	   82438.1	   83154.9	   79908.7	   77572.7	   76473.8	   60430.4	     46288	   37600.8	   33105.1	         0	         0	         0	         0	         0	         0	         0	         0	         0	         0	         0	         0	         0	         0	         0
    46	     0	         0	  0.650505	   1.44521	    3.4031	    8.3714	    19.068	   38.9235	   177.214	   533.602	   1228.69	   2388.05	   4114.61	   6382.04	   9202.98	   12464.9	   16028.8	     19745	     23584	   27414.2	   31340.8	   35080.4	   40169.6	   45385.2	   50378.3	   55701.5	   70430.8	   82295.3	   86006.9	   86719.7	   83321.1	   80899.6	   79783.7	   63388.7	   48918.9	   40017.3	   35437.5	         0	         0	         0	         0	         0	         0	         0	         0	         0	         0	         0	         0	         0	         0	         0
    47	     0	         0	   0.91807	   1.98911	   4.47689	   10.4658	    22.736	   44.4749	   192.497	   558.742	   1246.94	   2360.92	   3985.65	   6092.85	   8703.34	   11724.2	     15041	   18525.9	   22160.8	   25828.9	   29641.5	   33307.7	   38364.1	   43570.9	   48588.8	   54002.7	   69223.7	   81680.8	   85721.3	   86755.9	   83449.3	   81339.6	   80765.7	   64668.4	   50506.4	   42032.4	   38049.3	         0	         0	         0	         0	         0	         0	         0	         0	         0	         0	         0	         0	         0	         0	         0
    48	     0	         0	  0.689233	    1.5102	   3.45938	   8.26709	   18.4309	   37.1275	   168.136	   506.216	   1168.28	   2279.25	   3945.38	   6149.21	   8908.54	   12115.6	   15634.1	   19314.3	   23125.8	   26938.2	   30859.5	   34593.2	   39679.4	   44878.1	   49828.7	   55074.2	   69648.8	   81195.4	   84493.7	   84774.4	   81028.1	   78279.1	   76837.9	   60783.7	   46576.2	   37787.9	     33181	         0	         0	         0	         0	         0	         0	         0	         0	         0	         0	         0	         0	         0	         0	         0
    49	     0	         0	  0.538345	   1.19334	   2.81644	   6.95284	   15.9073	   32.6557	   150.645	   456.628	   1058.36	   2073.58	   3607.97	   5659.32	   8257.86	   11315.1	   14711.7	   18308.7	   22076.7	   25890.2	   29855.4	   33668.3	   38859.8	   44183.2	   49269.3	     54664	   69542.8	   81474.1	     85049	   85569.1	   81934.7	   79352.5	   78150.5	   61913.6	   47679.1	   39010.3	   34643.4	         0	         0	         0	         0	         0	         0	         0	         0	         0	         0	         0	         0	         0	         0	         0
    50	     0	         0	  0.809511	   1.77523	   4.09457	   9.84117	   21.8767	   43.5348	   191.442	   562.142	   1267.42	   2421.53	   4118.51	   6329.39	   9070.95	   12239.6	   15706.3	   19330.5	   23084.7	   26840.1	     30698	   34383.3	   39408.8	   44576.4	   49554.5	   54918.3	   69853.9	   82145.4	   86332.7	   87592.7	   84584.2	   82651.2	   82131.3	   65728.5	   51325.5	   42644.1	   38469.6	         0	         0	         0	         0	         0	         0	         0	         0	         0	         0	         0	         0	         0	         0	         0
    51	     0	         0	  0.593064	   1.33412	   3.22109	   8.13212	   18.8776	    38.974	   178.431	   536.941	   1233.62	   2393.23	    4121.5	   6398.45	    9243.5	     12549	   16179.9	   19987.6	   23944.4	   27919.7	   32026.5	   35957.7	   41259.5	   46706.2	   51919.1	   57445.8	   72495.3	     84707	   88696.4	   89657.9	   86391.4	   84097.3	   83125.5	   66415.2	   51640.2	   42553.1	   37915.9	         0	         0	         0	         0	         0	         0	         0	         0	         0	         0	         0	         0	         0	         0	         0
    52	     0	         0	  0.736389	   1.63368	   3.82739	   9.34887	   21.1034	   42.6101	   191.499	   569.991	   1299.37	   2505.75	   4293.85	   6635.62	   9544.95	     12905	   16572.5	   20393.1	   24334.4	   28261.3	   32284.3	   36100.7	   41275.7	     46574	   51642.1	   57057.1	   72152.7	   84445.9	   88463.9	   89490.9	   86225.2	   84034.1	     83253	   66289.4	   51341.8	   42240.5	   37705.5	         0	         0	         0	         0	         0	         0	         0	         0	         0	         0	         0	         0	         0	         0	         0
    53	     0	         0	  0.742908	   1.64599	   3.90459	   9.68067	   22.0213	   44.4253	   195.674	   571.256	    1276.3	   2412.99	    4062.1	   6189.65	   8812.96	     11838	   15149.5	   18621.7	   22239.2	   25886.5	   29669.1	     33333	   38415.5	   43704.9	   48890.6	   54574.5	   70342.3	   83602.4	   88470.9	   90293.8	     87574	   86036.9	   86056.9	   70314.5	   56263.3	   47845.6	   44053.2	         0	         0	         0	         0	         0	         0	         0	         0	         0	         0	         0	         0	         0	         0	         0
    54	     0	         0	  0.480156	   1.07672	   2.63194	   6.75636	   15.9176	   33.2767	   155.472	   471.244	   1087.06	   2115.56	   3655.48	   5698.29	   8271.74	   11287.8	     14629	   18160.2	   21852.1	   25581.2	   29451.8	   33171.2	   38240.1	   43443.9	   48433.5	   53774.4	   68646.7	     80802	   84757.9	   85766.3	   82537.1	     80424	   79771.4	   63703.7	   49604.8	   41143.8	   37105.3	         0	         0	         0	         0	         0	         0	         0	         0	         0	         0	         0	         0	         0	         0	         0
    55	     0	         0	  0.679175	    1.4926	   3.41767	   8.16379	    18.238	   36.9241	   168.909	   513.335	   1193.38	   2338.59	   4056.32	   6325.38	   9162.41	   12457.1	   16071.1	   19852.3	   23769.7	   27690.4	   31724.1	   35571.5	     40804	   46158.2	   51263.3	   56668.9	     71580	   83406.6	   86826.6	   87154.6	   83372.3	     80576	   79086.3	   62916.7	   48429.9	   39356.9	   34513.4	         0	         0	         0	         0	         0	         0	         0	         0	         0	         0	         0	         0	         0	         0	         0
    56	     0	         0	  0.500606	   1.11654	   2.67998	   6.73581	   15.6246	   32.3807	   151.011	   459.123	   1064.82	   2085.81	   3628.11	   5689.48	   8299.09	   11364.2	     14758	   18333.5	   22052.2	   25780.5	   29614.8	   33259.2	   38214.3	   43276.1	   48113.9	   53297.7	   67887.6	   79805.6	   83656.7	     84606	   81394.2	   79284.8	   78603.8	   62669.6	   48768.4	   40452.9	   36506.7	         0	         0	         0	         0	         0	         0	         0	         0	         0	         0	         0	         0	         0	         0	         0
    57	     0	         0	  0.464718	   1.05319	    2.6212	   6.85133	   16.3487	   34.4139	    160.54	   484.842	   1113.08	   2155.09	   3706.66	   5758.92	   8344.62	   11383.9	   14768.2	   18369.7	     22165	     26032	   30077.5	   34003.3	   39352.3	   44872.1	   50193.9	   55896.2	     71553	   84434.2	   88752.1	   89961.3	   86704.2	   84602.5	   84028.7	   67640.1	   53169.9	   44454.5	   40324.8	         0	         0	         0	         0	         0	         0	         0	         0	         0	         0	         0	         0	         0	         0	         0
    58	     0	         0	   0.91807	   1.98911	   4.47689	   10.4658	    22.736	   44.4749	   192.497	   558.742	   1246.94	   2360.92	   3985.65	   6092.85	   8703.34	   11724.2	     15041	   18525.9	   22160.8	   25828.9	   29641.5	   33307.7	   38364.1	   43570.9	   48588.8	   54002.7	   69223.7	   81680.8	   85721.3	   86755.9	   83449.3	   81339.6	   80765.7	   64668.4	   50506.4	   42032.4	   38049.3	         0	         0	         0	         0	         0	         0	         0	         0	         0	         0	         0	         0	         0	         0	         0
    59	     0	         0	  0.394163	  0.895105	   2.23783	   5.90801	   14.3173	   30.7309	   147.607	   457.159	   1074.16	   2122.27	   3709.28	   5828.18	   8503.98	   11642.7	   15121.5	   18801.8	     22658	   26567.2	   30642.7	   34574.9	   39867.1	     45303	   50481.7	   55919.7	   70604.7	   82362.1	     85938	   86483.5	   82933.2	   80313.6	   78972.3	   62421.9	     47892	   38959.3	   34323.2	         0	         0	         0	         0	         0	         0	         0	         0	         0	         0	         0	         0	         0	         0	         0
    60	     0	         0	  0.568906	   1.26785	    3.0108	   7.47928	   17.1971	   35.4116	   163.684	    495.85	   1146.49	   2238.59	   3880.71	   6064.65	   8817.64	   12040.1	   15595.9	     19330	   23199.4	   27061.5	   31006.9	     34762	   39858.2	   45063.7	   50035.1	   55329.7	   69984.2	   81701.1	   85218.8	   85716.9	   82156.6	   79553.7	   78230.3	   62287.1	   48077.2	   39226.1	   34562.6	         0	         0	         0	         0	         0	         0	         0	         0	         0	         0	         0	         0	         0	         0	         0
    61	     0	         0	  0.650505	   1.44521	    3.4031	    8.3714	    19.068	   38.9235	   177.214	   533.602	   1228.69	   2388.05	   4114.61	   6382.04	   9202.98	   12464.9	   16028.8	     19745	     23584	   27414.2	   31340.8	   35080.4	   40169.6	   45385.2	   50378.3	   55701.5	   70430.8	   82295.3	   86006.9	   86719.7	   83321.1	   80899.6	   79783.7	   63388.7	   48918.9	   40017.3	   35437.5	         0	         0	         0	         0	         0	         0	         0	         0	         0	         0	         0	         0	         0	         0	         0
    62	     0	         0	  0.863813	   1.87903	   4.31601	   10.4209	   23.4347	   47.3607	   210.019	   620.901	   1396.75	   2641.32	   4424.25	   6682.63	   9414.26	   12505.2	   15827.2	   19250.1	     22762	   26246.9	   29808.6	   33203.8	     37848	   42643.1	     47277	   52262.2	     65998	   77240.8	     81071	   82123.2	   79300.6	   77315.9	   76498.8	   61704.8	   48304.9	   39933.6	     35587	         0	         0	         0	         0	         0	         0	         0	         0	         0	         0	         0	         0	         0	         0	         0
    63	     0	         0	   0.64183	   1.41758	   3.35831	   8.35335	     19.14	   38.9953	   174.655	   516.951	   1169.65	   2237.44	   3807.24	   5856.59	   8407.12	   11369.5	   14628.8	   18056.5	   21629.7	   25229.4	   28954.6	   32547.8	   37470.4	   42566.9	   47517.5	   52878.5	     67663	   80065.6	   84617.1	   86302.2	     83709	   82158.6	   82010.1	   65687.6	   51457.4	   42998.8	   39083.9	         0	         0	         0	         0	         0	         0	         0	         0	         0	         0	         0	         0	         0	         0	         0
    64	     0	         0	   0.52938	   1.18728	   2.87555	   7.30759	   17.1074	   35.6733	   166.145	   506.448	   1177.03	   2306.66	   4005.26	   6255.11	   9069.72	   12332.7	   15898.2	   19608.1	   23425.6	   27214.1	   31075.9	   34716.5	   39628.5	   44633.1	   49395.5	   54468.1	   68704.6	   80305.8	   84118.8	   85103.3	   82035.4	   79967.8	     79226	   63203.1	   49067.2	   40469.6	   36206.3	         0	         0	         0	         0	         0	         0	         0	         0	         0	         0	         0	         0	         0	         0	         0
    65	     0	         0	   0.56782	   1.25281	   2.96429	   7.35987	   16.8711	   34.4986	   156.586	   467.459	    1065.9	   2054.54	   3522.84	   5461.17	   7900.25	   10763.3	   13942.2	   17308.8	   20829.5	   24375.1	   28024.6	   31525.4	   36329.9	   41265.9	   46033.5	   51213.3	   65862.3	   78078.8	   82337.2	   83705.8	   80816.6	   79053.7	   78767.5	   62990.5	   49202.8	   41038.8	   37304.7	         0	         0	         0	         0	         0	         0	         0	         0	         0	         0	         0	         0	         0	         0	         0
    66	     0	         0	  0.892157	    1.9502	   4.41883	   10.4002	   22.7351	   44.7074	   194.214	     568.2	   1279.89	    2446.3	   4165.36	   6411.87	   9208.98	   12459.1	   16038.8	   19810.1	   23748.5	   27723.8	   31842.1	     35815	   41211.1	   46785.1	   52172.7	   57961.3	   73767.2	     86796	   91303.7	   92712.2	   89627.5	   87640.7	   87117.6	   70573.9	   55802.6	   46772.5	   42375.1	         0	         0	         0	         0	         0	         0	         0	         0	         0	         0	         0	         0	         0	         0	         0
    67	     0	         0	  0.709618	   1.58792	   3.77111	   9.33917	   21.3125	    43.366	   194.969	   580.683	   1323.69	   2550.96	   4367.03	   6742.71	   9692.66	   13101.5	   16827.5	   20716.9	   24738.1	     28752	   32864.7	     36771	     42048	   47442.2	   52594.7	   58087.8	   73363.8	   85819.9	   89922.2	   90969.4	   87676.8	   85440.8	   84615.7	   67405.9	   52189.2	   42874.5	   38173.8	         0	         0	         0	         0	         0	         0	         0	         0	         0	         0	         0	         0	         0	         0	         0
    68	     0	         0	  0.800487	   1.73441	   3.88655	    9.0674	   19.7872	   39.1202	   173.447	   514.761	   1174.03	   2269.36	   3903.46	   6061.95	   8769.42	   11926.6	   15402.2	   19047.6	   22826.3	   26601.8	     30469	   34154.1	   39200.9	   44390.1	     49411	   54871.9	   70218.8	   82921.9	   87310.8	   88723.4	   85753.8	   83960.5	   83682.6	   68695.4	     55119	   46850.3	     42995	         0	         0	         0	         0	         0	         0	         0	         0	         0	         0	         0	         0	         0	         0	         0
    69	     0	         0	  0.664605	   1.45755	   3.34779	   8.02014	   17.9184	   36.1888	   164.628	   496.984	    1147.9	   2236.64	   3862.22	   6005.47	   8686.78	   11807.9	     15243	   18850.4	   22600.1	   26362.8	   30239.2	   33942.2	   39002.4	   44176.3	   49112.2	   54360.7	   69001.2	   80687.8	   84105.3	   84491.8	   80798.5	   78127.5	     76795	   60507.8	   46164.4	   37354.4	   32794.9	         0	         0	         0	         0	         0	         0	         0	         0	         0	         0	         0	         0	         0	         0	         0
    70	     0	         0	   0.50472	   1.14109	   2.79293	   7.17458	   16.9539	   35.6281	   166.826	    511.36	   1194.47	   2349.75	    4089.3	   6392.63	   9271.88	   12609.8	   16260.7	   20067.9	   23997.6	   27912.4	   31916.1	   35709.4	   40799.3	   45997.9	   50952.3	   56209.2	   70703.5	   82533.4	   86514.5	     87613	   84610.6	   82553.8	   81783.5	     65285	   50771.5	   41910.5	   37461.3	         0	         0	         0	         0	         0	         0	         0	         0	         0	         0	         0	         0	         0	         0	         0
    71	     0	         0	  0.649698	     1.436	   3.38946	   8.38209	   19.1364	   38.9875	   176.131	   526.134	   1202.36	   2321.87	   3980.95	   6154.02	   8856.55	   11985.3	     15413	   19000.6	   22723.1	   26456.3	   30307.5	   33986.3	   38974.3	   44093.8	   48997.4	   54228.6	   68701.2	   80531.1	   84456.4	   85500.3	   82423.2	   80348.7	   79615.6	     63658	   49552.4	   40972.4	   36740.9	         0	         0	         0	         0	         0	         0	         0	         0	         0	         0	         0	         0	         0	         0	         0
    72	     0	         0	   0.47851	   1.06716	   2.55635	   6.41324	   14.8701	   30.8532	   144.318	   440.218	    1024.3	   2012.93	   3512.92	   5527.84	   8092.14	   11121.2	   14495.4	   18072.7	   21814.7	   25589.6	   29494.1	   33229.9	   38296.3	   43477.9	   48430.2	   53722.3	   68491.8	   80596.1	   84581.7	   85647.4	   82497.9	   80449.9	   79847.3	   63612.2	   49475.1	   41038.3	   37044.4	         0	         0	         0	         0	         0	         0	         0	         0	         0	         0	         0	         0	         0	         0	         0
    73	     0	         0	  0.577543	   1.31478	   3.21207	   8.18177	   19.1358	   39.7966	   183.613	   557.288	   1291.16	   2523.29	   4369.54	   6806.12	   9845.67	   13363.7	   17205.4	     21204	   25321.7	   29410.5	   33571.8	   37502.8	   42768.3	   48127.5	   53212.1	   58577.1	   73361.3	   85244.5	   89006.3	   89757.8	     86381	   83922.4	   82716.6	   65525.4	   50386.4	   41012.4	   36076.5	         0	         0	         0	         0	         0	         0	         0	         0	         0	         0	         0	         0	         0	         0	         0
    74	     0	         0	  0.599045	    1.3226	   3.11599	   7.68016	   17.5135	   35.7609	   163.374	    490.28	   1123.68	   2175.62	   3741.52	   5804.91	   8385.74	   11386.4	   14681.9	   18132.2	   21707.2	     25283	   28959.7	   32460.7	   37261.5	   42173.2	   46872.4	   51913.2	   66140.2	   77692.3	   81350.9	   82173.3	   78969.7	     76824	   76051.6	   59868.7	   45930.4	   37642.1	   33654.9	         0	         0	         0	         0	         0	         0	         0	         0	         0	         0	         0	         0	         0	         0	         0
    75	     0	         0	  0.663508	   1.49332	   3.59145	   9.01067	   20.7559	   42.4631	   190.166	   564.059	   1279.12	   2450.13	   4168.91	   6405.02	    9176.6	   12385.3	   15910.3	     19619	   23494.8	   27415.5	   31490.4	   35442.9	   40841.3	   46426.6	   51819.8	   57565.8	   73062.6	   85615.9	     89674	   90533.2	   87080.1	   84564.5	   83347.6	   65988.8	   50698.7	   41246.4	   36283.6	         0	         0	         0	         0	         0	         0	         0	         0	         0	         0	         0	         0	         0	         0	         0
    76	     0	         0	  0.716344	   1.56228	   3.57791	    8.5739	   19.1211	   38.3664	   170.428	   506.283	   1153.84	   2224.84	   3812.47	   5895.94	   8494.93	   11515.6	   14839.4	   18334.8	   21980.1	   25656.1	   29467.4	   33135.8	   38126.7	   43271.4	   48219.8	   53498.2	   67935.4	   79724.2	   83623.2	   84593.9	   81486.4	   79322.9	   78450.2	   62736.6	   48815.3	   40294.6	   36013.7	         0	         0	         0	         0	         0	         0	         0	         0	         0	         0	         0	         0	         0	         0	         0
    77	     0	         0	  0.481125	    1.0793	   2.63627	    6.7699	   15.9637	   33.3951	    155.57	    471.82	   1089.96	   2125.03	   3679.02	   5745.91	   8355.68	   11421.1	     14824	   18427.3	     22200	   26014.7	   29973.1	   33778.7	   38919.5	   44193.9	   49238.1	   54597.8	     69319	   81318.5	   85239.4	   86214.1	   83010.1	   80831.8	   80026.8	   63984.1	   49803.8	   41175.1	   36914.6	         0	         0	         0	         0	         0	         0	         0	         0	         0	         0	         0	         0	         0	         0	         0
    78	     0	         0	  0.579493	   1.30971	   3.21635	   8.26352	   19.3975	   40.2334	   183.709	   549.358	   1252.55	   2410.62	   4120.24	   6355.26	   9133.36	   12350.7	   15878.5	   19575.4	   23417.4	   27277.3	   31264.2	   35082.4	   40248.7	     45557	   50646.8	   56069.5	   70937.9	   83079.2	     87127	   88205.6	   85081.7	   82948.1	   82155.3	   65838.5	   51415.7	   42599.7	   38199.1	         0	         0	         0	         0	         0	         0	         0	         0	         0	         0	         0	         0	         0	         0	         0
    79	     0	         0	  0.571212	   1.24549	   2.84893	   6.81354	   15.2314	   30.8259	   141.656	   429.791	    999.26	   1965.64	   3434.46	   5408.76	   7923.17	   10897.1	   14217.5	   17749.1	   21460.8	   25228.2	   29155.5	   32940.6	   38095.7	   43390.1	   48461.5	     53862	   68736.7	   80745.4	   84444.6	   85142.3	   81675.1	   79290.7	   78318.4	   63074.9	   49497.7	   41203.4	   37130.5	         0	         0	         0	         0	         0	         0	         0	         0	         0	         0	         0	         0	         0	         0	         0
    80	     0	         0	  0.401602	  0.889849	   2.13516	   5.39959	   12.6771	   26.7433	   129.303	   404.881	   964.611	   1932.61	   3419.04	   5422.86	   7965.63	   10948.7	   14240.1	   17691.5	   21263.1	   24827.4	   28482.8	   31949.4	   36683.6	   41523.6	   46155.8	   51132.9	   65183.1	   76616.4	   80270.5	   81154.7	   78059.1	   76036.2	   75388.2	   60622.1	   47557.6	   39686.9	   35950.4	         0	         0	         0	         0	         0	         0	         0	         0	         0	         0	         0	         0	         0	         0	         0
    81	     0	         0	  0.560509	   1.25452	   3.00402	   7.52702	   17.4055	   35.9355	   165.487	   500.964	   1158.43	    2262.4	   3921.46	   6124.18	   8894.23	   12130.1	   15699.1	   19452.6	   23356.9	   27277.3	   31316.3	   35177.5	   40396.2	   45748.9	   50878.4	   56350.4	     71411	   83710.2	     87795	   88874.8	   85698.9	   83549.4	   82777.4	   66372.9	   51856.2	   42988.3	   38576.1	         0	         0	         0	         0	         0	         0	         0	         0	         0	         0	         0	         0	         0	         0	         0
    82	     0	         0	  0.481125	    1.0793	   2.63627	    6.7699	   15.9637	   33.3951	    155.57	    471.82	   1089.96	   2125.03	   3679.02	   5745.91	   8355.68	   11421.1	     14824	   18427.3	     22200	   26014.7	   29973.1	   33778.7	   38919.5	   44193.9	   49238.1	   54597.8	     69319	   81318.5	   85239.4	   86214.1	   83010.1	   80831.8	   80026.8	   63984.1	   49803.8	   41175.1	   36914.6	         0	         0	         0	         0	         0	         0	         0	         0	         0	         0	         0	         0	         0	         0	         0
    83	     0	         0	  0.646786	   1.41401	   3.24228	   7.77967	   17.4098	   35.1397	   158.485	   475.737	   1095.08	   2133.48	   3694.91	   5772.95	   8395.68	     11472	   14879.6	   18478.3	   22236.8	   26026.8	   29949.6	   33713.7	   38812.8	   44049.6	   49071.4	   54424.8	   69136.8	   81163.3	   85155.7	   86205.9	   83091.9	     80989	   80242.9	   64470.9	   50471.5	   41931.8	   37721.6	         0	         0	         0	         0	         0	         0	         0	         0	         0	         0	         0	         0	         0	         0	         0
    84	     0	         0	  0.636001	      1.41	   3.31885	   8.16264	   18.5549	   37.7168	   170.123	   508.076	   1161.65	   2245.96	   3858.77	   5983.24	   8643.69	   11748.4	   15178.4	   18798.9	   22584.4	   26409.7	   30377.1	   34208.2	   39427.3	   44801.6	     49962	   55449.4	   70418.2	   82478.5	   86238.3	     86921	   83422.9	   80895.7	     79679	   62982.6	   48272.8	   39218.7	   34517.9	         0	         0	         0	         0	         0	         0	         0	         0	         0	         0	         0	         0	         0	         0	         0
    85	     0	         0	  0.890993	   1.97658	   4.58816	    11.052	   24.5476	   48.6901	   211.809	   617.844	   1385.38	   2634.21	   4462.05	   6835.31	   9773.29	   13169.2	   16890.9	   20793.6	   24851.6	   28928.6	   33131.3	   37168.2	   42645.8	   48291.8	   53739.8	   59586.5	     75589	   88741.2	   93251.2	   94596.9	   91402.8	   89293.8	   88638.6	   71424.2	   56090.8	   46671.9	   41975.7	         0	         0	         0	         0	         0	         0	         0	         0	         0	         0	         0	         0	         0	         0	         0
    86	     0	         0	  0.381979	  0.868545	   2.18018	    5.7662	   13.9568	   29.8677	   143.027	   441.261	   1033.74	   2039.81	   3567.56	   5618.36	   8224.34	   11299.3	   14724.5	   18361.6	   22180.3	   26054.1	   30089.7	   33978.7	   39232.3	   44618.9	     49750	   55158.3	   69961.7	   81860.6	   85479.4	   86055.1	   82460.7	     79884	   78664.9	   61924.2	   47287.8	   38375.6	   33843.3	         0	         0	         0	         0	         0	         0	         0	         0	         0	         0	         0	         0	         0	         0	         0
    87	     0	         0	  0.374194	  0.854412	   2.17298	   5.82303	   14.2298	   30.6487	   148.021	   457.753	   1072.83	   2115.37	   3693.57	   5802.07	   8465.16	   11583.8	   15027.9	     18651	   22421.1	   26211.3	   30132.3	   33870.1	   38911.5	   44067.8	   48975.4	   54173.8	   68578.5	     80276	   84011.6	   84869.4	   81627.4	   79419.3	   78574.8	   62447.5	   48353.9	   39858.8	   35715.8	         0	         0	         0	         0	         0	         0	         0	         0	         0	         0	         0	         0	         0	         0	         0
    88	     0	         0	  0.643625	   1.40973	   3.25659	   7.86833	   17.6694	   35.6799	   161.035	   481.816	   1104.62	   2142.85	   3695.05	   5749.85	   8333.53	   11357.4	   14704.6	   18241.6	   21942.5	   25685.7	     29576	     33331	   38463.4	   43755.8	     48855	     54315	   69315.5	   81517.3	   85447.6	   86356.2	   83045.9	   80790.1	   79930.3	   64559.7	   50774.3	   42304.1	   38104.7	         0	         0	         0	         0	         0	         0	         0	         0	         0	         0	         0	         0	         0	         0	         0
    89	     0	         0	  0.570166	   1.28104	   3.13338	   8.01783	   18.7158	   38.5467	   174.256	   516.165	   1167.32	   2232.69	    3801.8	   5858.42	    8432.4	   11443.7	   14784.5	   18330.4	   22058.3	   25844.1	   29781.9	   33611.9	   38915.8	   44423.6	   49824.4	   55769.4	   72396.2	   86390.1	   91473.3	   93357.5	   90434.8	   88872.3	   89059.9	   73819.8	   59915.8	   51555.4	     47921	         0	         0	         0	         0	         0	         0	         0	         0	         0	         0	         0	         0	         0	         0	         0
    90	     0	         0	  0.536066	   1.21513	   3.00559	   7.78634	   18.4274	    38.529	   178.267	   538.201	   1237.68	   2399.71	    4125.3	   6387.97	   9202.35	   12459.2	   16023.7	   19749.3	   23609.6	   27473.9	   31451.1	   35236.8	   40326.8	     45525	   50456.3	   55643.5	     69889	   81293.5	   84774.2	   85335.4	   81903.4	   79382.2	   78097.4	   61494.6	     46965	   38040.5	   33399.6	         0	         0	         0	         0	         0	         0	         0	         0	         0	         0	         0	         0	         0	         0	         0
    91	     0	         0	  0.557022	   1.22982	   2.92116	   7.27997	   16.7226	   34.2228	   155.812	   466.025	   1065.33	   2060.22	   3545.33	   5513.92	   7997.46	   10916.5	   14160.4	   17599.5	   21203.2	     24847	   28623.6	   32263.3	   37213.2	   42310.9	   47222.9	   52499.4	     67049	   79048.6	   83148.7	   84382.6	   81453.9	   79566.7	   79061.6	   63598.7	   49973.3	   41775.6	   37895.3	         0	         0	         0	         0	         0	         0	         0	         0	         0	         0	         0	         0	         0	         0	         0
    92	     0	         0	  0.668117	   1.45605	   3.31164	   7.86234	   17.4278	   34.9142	   156.954	   469.595	   1078.43	    2098.1	   3631.24	   5673.26	   8254.88	   11289.6	   14660.1	     18230	   21971.1	   25758.4	   29696.8	   33490.4	   38659.9	   43975.1	   49071.3	   54493.8	   69393.6	   81421.7	   85153.7	   85851.3	     82373	   79937.2	   78877.2	   62925.6	   48840.9	   40241.6	   35939.1	         0	         0	         0	         0	         0	         0	         0	         0	         0	         0	         0	         0	         0	         0	         0
    93	     0	         0	   1.19227	   2.54349	   5.50001	   12.3399	   25.9861	   49.7652	   210.356	   609.009	   1359.81	   2572.12	   4327.42	    6578.5	   9336.81	   12500.2	   15950.5	   19561.7	   23322.7	   27118.3	   31065.6	     34879	   40067.6	   45449.9	   50659.3	   56240.8	   71358.3	   83850.2	   88244.3	   89664.5	   86771.6	   84865.2	   84308.6	   67644.5	     52927	   43973.1	     39573	         0	         0	         0	         0	         0	         0	         0	         0	         0	         0	         0	         0	         0	         0	         0
    94	     0	         0	  0.592381	   1.34156	   3.28441	   8.39744	   19.6474	   40.6999	   186.461	   557.873	   1271.84	   2446.92	   4180.58	   6446.09	   9261.03	   12518.7	   16086.6	   19819.9	     23693	   27577.5	   31583.8	   35421.3	     40670	   46065.6	   51253.5	   56809.6	   72184.5	   84676.4	   88713.7	   89669.6	   86306.2	   84016.2	   83142.3	   66378.1	   51597.6	   42583.2	   38083.2	         0	         0	         0	         0	         0	         0	         0	         0	         0	         0	         0	         0	         0	         0	         0
    95	     0	         0	   0.63085	   1.41105	   3.38215	   8.46127	    19.461	   39.8355	   180.731	   539.059	   1227.74	   2362.39	   4039.63	   6237.13	   8975.82	   12154.9	   15646.6	   19308.3	   23112.5	   26930.3	   30867.3	   34632.5	   39772.8	   45047.9	   50110.3	   55533.5	   70628.7	     82901	   86844.8	   87759.3	   84415.8	   82154.4	   81314.9	   65253.9	     50981	   42257.7	   37929.9	         0	         0	         0	         0	         0	         0	         0	         0	         0	         0	         0	         0	         0	         0	         0
    96	     0	         0	  0.602182	    1.3518	   3.23336	   8.06573	   18.5496	   38.0857	    174.16	   524.165	   1205.81	   2343.39	   4042.85	   6287.42	   9099.69	   12377.5	   15990.5	   19793.4	   23758.8	     27756	   31896.6	     35874	   41280.7	   46832.4	   52149.2	   57797.6	   73286.6	   85765.7	     89652	     90382	     86787	   84242.6	   83094.8	   66287.7	   51382.1	   42193.8	   37483.3	         0	         0	         0	         0	         0	         0	         0	         0	         0	         0	         0	         0	         0	         0	         0
    97	     0	         0	   0.52539	   1.19684	   2.98331	   7.78198	   18.5019	    38.785	   179.584	   540.779	   1239.05	    2392.9	    4098.7	   6329.05	   9099.89	   12307.2	   15822.9	     19508	   23341.1	   27198.8	   31193.3	   35037.5	   40272.1	   45662.7	   50839.6	     56349	   71383.9	   83530.3	     87389	   88194.9	   84803.4	   82390.2	   81297.2	   64486.8	   49756.9	   40742.9	   36143.4	         0	         0	         0	         0	         0	         0	         0	         0	         0	         0	         0	         0	         0	         0	         0
    98	     0	         0	  0.506581	   1.14362	   2.80668	   7.22089	   17.0487	   35.7344	   167.206	   508.776	   1178.02	   2297.55	    3968.7	   6168.52	   8910.07	     12084	   15556.2	   19182.3	   22936.7	   26696.8	     30576	     34282	     39340	   44528.6	   49487.8	   54758.9	   69363.3	     81084	     84657	   85258.4	   81778.4	   79301.4	   78148.1	   61499.5	   46974.1	   38134.3	   33627.9	         0	         0	         0	         0	         0	         0	         0	         0	         0	         0	         0	         0	         0	         0	         0
    99	     0	         0	  0.523068	   1.16776	   2.80144	   7.05149	   16.3883	   33.9939	   157.523	   478.079	    1107.4	   2165.62	   3758.31	   5878.12	   8553.23	   11692.2	   15175.1	   18864.4	   22735.6	   26665.3	     30769	   34725.1	   40069.7	   45558.5	   50794.8	   56311.7	     71313	   83349.6	     87003	   87566.7	   83934.2	   81307.8	   80034.2	   63872.2	   49482.4	   40583.8	   35997.9	         0	         0	         0	         0	         0	         0	         0	         0	         0	         0	         0	         0	         0	         0	         0
