     0	     0	         0	    1.4502	    4.7637	     13.13	   34.0267	   82.1965	    182.82	   581.004	   1579.39	   3596.13	   7146.87	   12797.2	   20858.3	     31808	   45808.2	   62830.5	   81656.2	    103343	    127391	    153772	    178039	    212024	    249071	    283528	    310872	    357672	    377277	    354311	    326128	    301965	    278514	    252710	    220495	    184882	    158498	    140787	         0	         0	         0	         0	         0	         0	         0	         0	         0	         0	         0	         0	         0	         0	         0
     1	     0	         0	  0.999305	   3.33313	   9.56191	   26.1409	   66.5416	   154.804	    521.13	   1465.77	   3409.49	   6871.87	   12419.8	   20372.4	   31203.1	   45078.7	   61982.9	   80719.6	    102329	    126331	    152715	    177161	    211490	    248837	    283665	    311773	    360469	    382556	    362154	    335893	    313016	    290354	    264736	    232310	    196237	    169182	    150544	         0	         0	         0	         0	         0	         0	         0	         0	         0	         0	         0	         0	         0	         0	         0
     2	     0	         0	    1.4713	   4.85918	   13.5623	   35.6311	   86.9135	   194.237	   619.379	   1679.91	   3808.07	   7530.18	   13418.2	     21777	   33088.3	   47510.8	   65012.6	   84358.2	    106613	    131257	    158251	    183170	    218086	    256103	    291558	    320067	    369426	    391496	    370231	    343323	    320016	    297346	    272141	    240013	    204065	    177381	    159476	         0	         0	         0	         0	         0	         0	         0	         0	         0	         0	         0	         0	         0	         0	         0
     3	     0	         0	   1.07195	   3.55983	   10.1314	    27.387	   68.9108	   158.763	   531.128	    1493.9	   3486.56	   7063.97	   12843.1	   21181.5	   32588.9	   47234.4	   65073.9	   84860.8	    107598	    132722	    160163	    185483	    220545	    258432	    293350	    320787	    366976	    385615	    361924	    332773	    307612	    283065	    255788	    222448	    185811	    158276	    139127	         0	         0	         0	         0	         0	         0	         0	         0	         0	         0	         0	         0	         0	         0	         0
     4	     0	         0	  0.967067	   3.24847	   9.40072	   25.9366	   66.5215	   155.514	   523.907	   1471.94	   3419.09	   6885.14	   12442.8	     20421	   31303.9	   45260.9	   62268.3	   81116.7	    102840	    126928	    153349	    177737	    211916	    249051	    283514	    310933	    357944	    378205	    356518	    329556	    306430	    284028	    259139	    227926	    193108	    167280	    149894	         0	         0	         0	         0	         0	         0	         0	         0	         0	         0	         0	         0	         0	         0	         0
     5	     0	         0	  0.853989	   2.88235	   8.34525	   23.0207	   59.1982	   139.264	   476.025	   1357.29	    3197.6	   6523.12	     11922	   19747.6	   30491.2	   44322.2	   61204.9	     79913	    101446	    125277	    151357	    175318	    209048	    245677	    279596	    306411	    352675	    371852	    348738	    320157	    295409	    271151	    244264	    211208	    174963	    147962	    129498	         0	         0	         0	         0	         0	         0	         0	         0	         0	         0	         0	         0	         0	         0	         0
     6	     0	         0	   1.03983	   3.46509	   9.69175	   25.5319	   62.8268	   142.531	   464.079	   1287.82	   2986.06	   6033.19	   10968.8	   18135.5	   28026.5	   40860.2	   56674.2	   74341.7	   94913.9	    117952	    143451	    167109	    200580	    237288	    271777	    299670	    347679	    369250	    348560	    321969	    298693	    275759	    250052	    217750	    181956	    155156	    136732	         0	         0	         0	         0	         0	         0	         0	         0	         0	         0	         0	         0	         0	         0	         0
     7	     0	         0	  0.771721	   2.63187	   7.69585	   21.4711	   55.8288	   132.524	   452.829	    1291.4	   3042.53	   6199.36	   11303.1	   18667.3	   28739.4	     41673	     57432	     74825	   94924.4	    117279	    141868	    164444	    197207	    233907	    269002	    297584	    346981	    370392	    351878	    327994	    307513	    288274	    267246	    239729	    208291	    185546	    171243	         0	         0	         0	         0	         0	         0	         0	         0	         0	         0	         0	         0	         0	         0	         0
     8	     0	         0	   1.11457	   3.70312	   10.4876	   28.1287	    70.215	   160.635	   531.883	   1483.82	   3439.39	   6929.05	   12544.2	   20632.3	     31700	     45932	   63314.9	     82634	    104927	    129675	    156849	    181976	    216924	    254797	    289885	    317815	    365561	    386170	    364386	    337305	    314078	    291533	    266438	    234892	    199651	    173542	    156017	         0	         0	         0	         0	         0	         0	         0	         0	         0	         0	         0	         0	         0	         0	         0
     9	     0	         0	  0.866265	   2.90242	   8.35994	   22.9348	   58.6503	   137.385	   472.502	   1354.41	   3204.97	   6561.76	   12026.8	   19967.4	   30897.6	   45015.2	   62320.9	   81608.7	    103907	    128711	    155996	    181321	    216679	    254973	    290528	    319146	    368918	    391460	    370517	    343604	    320106	    296805	    270581	    237300	    200362	    172745	    153853	         0	         0	         0	         0	         0	         0	         0	         0	         0	         0	         0	         0	         0	         0	         0
    10	     0	         0	   0.95247	   3.20561	   9.30729	   25.7839	   66.3926	   155.747	   528.026	   1489.23	   3468.37	   6998.57	   12668.2	   20815.7	   31935.3	   46195.9	   63564.4	   82810.5	    104963	    129489	    156338	    181131	    215904	    253731	    288875	    316819	    364537	    385003	    362782	    334911	    310708	    287088	    260869	    228181	    191999	    165029	    146640	         0	         0	         0	         0	         0	         0	         0	         0	         0	         0	         0	         0	         0	         0	         0
    11	     0	         0	   1.21122	   4.02143	   11.0449	   28.2604	   67.4361	   149.036	   474.031	   1299.42	   2993.84	    6031.8	   10962.4	   18149.6	   28118.2	   41117.9	   57219.9	   75297.7	   96449.3	    120251	    146730	    171384	    206117	    244186	    279947	    308886	    358293	    380325	    358898	    331276	    306873	    282389	    254939	    220668	    183108	    154912	    135359	         0	         0	         0	         0	         0	         0	         0	         0	         0	         0	         0	         0	         0	         0	         0
    12	     0	         0	   1.03077	    3.4529	   9.93054	   27.1988	     69.29	   161.046	   538.623	   1505.21	    3481.5	   6985.95	   12587.2	   20605.1	     31518	   45487.9	     62482	   81276.3	    102909	    126862	    153085	    177176	    211046	    247931	    282202	    309409	    356633	    377136	    355362	    328643	    305996	    284504	    261016	    231053	    197310	    172717	    156886	         0	         0	         0	         0	         0	         0	         0	         0	         0	         0	         0	         0	         0	         0	         0
    13	     0	         0	     1.014	   3.39292	   9.65709	   26.0597	   65.5687	   151.326	   504.942	    1416.7	   3298.27	    6667.3	   12101.7	   19947.4	   30704.4	   44563.7	   61524.6	   80396.5	    102220	    126510	    153260	    178107	    213075	    251200	    286825	    315612	    365300	    387971	    367287	    340509	    316953	    293532	    267323	    234060	    197291	    169792	    150939	         0	         0	         0	         0	         0	         0	         0	         0	         0	         0	         0	         0	         0	         0	         0
    14	     0	         0	   1.44835	   4.75468	   13.0037	   33.3082	   79.5982	   175.697	   550.965	   1489.21	      3384	    6722.9	   12045.1	   19659.2	     30036	   43354.2	   59617.6	     77666	     98580	    121924	    147726	    171627	    205406	    242594	    277643	    306019	    354509	    376737	    356956	    331767	    310145	    289319	    266213	    236477	    202946	    178235	    161938	         0	         0	         0	         0	         0	         0	         0	         0	         0	         0	         0	         0	         0	         0	         0
    15	     0	         0	   1.08622	    3.6118	   10.2459	   27.5333	   68.9505	   158.593	   532.389	   1505.83	   3534.76	   7198.47	   13140.4	   21729.7	   33477.2	   48527.8	   66799.4	   86995.8	    110053	    135340	    162738	    187827	    222414	    259215	    292447	    317955	    361784	    378391	    353584	    323862	    298521	    274024	    246896	    214099	    178100	    151171	    132565	         0	         0	         0	         0	         0	         0	         0	         0	         0	         0	         0	         0	         0	         0	         0
    16	     0	         0	   0.81693	   2.75015	   7.99312	   22.1936	    57.406	   135.612	   466.703	   1332.99	   3138.46	   6394.79	   11678.4	   19349.8	   29918.4	   43593.7	     60397	   79156.7	    100920	    125216	    152042	    176991	    211928	    249877	    285110	    313217	    361209	    382022	    360011	    332007	    307492	    283009	    255481	    221225	    183662	    155464	    135898	         0	         0	         0	         0	         0	         0	         0	         0	         0	         0	         0	         0	         0	         0	         0
    17	     0	         0	   0.94056	   3.15553	   9.10035	   24.9794	   63.8058	   148.978	   505.397	   1432.31	   3357.46	   6821.73	   12429.4	   20539.4	   31657.3	   45956.1	   63400.6	   82756.9	    105031	    129679	    156647	    181494	    216089	    253493	    287929	    314899	    360608	    378957	    355237	    326251	    301307	    276991	    250078	    217181	    181030	    154126	    135749	         0	         0	         0	         0	         0	         0	         0	         0	         0	         0	         0	         0	         0	         0	         0
    18	     0	         0	   1.49671	    4.9661	   13.8268	   36.1346	   87.8088	   196.038	   622.072	   1683.95	    3812.9	   7529.36	   13392.2	   21689.3	   32875.6	   47078.3	   64234.3	   83084.8	    104663	    128431	    154334	    178026	    211595	    248027	    281732	    308404	    355335	    375336	    352841	    324999	    301003	    277745	    252030	    219830	    184093	    157699	    140055	         0	         0	         0	         0	         0	         0	         0	         0	         0	         0	         0	         0	         0	         0	         0
    19	     0	         0	   1.23573	   4.07648	   11.3104	   29.5895	   72.2592	   162.444	   519.911	   1418.95	   3237.25	    6439.4	   11538.5	   18831.6	   28774.9	   41549.8	   57163.7	   74463.7	   94526.9	    116922	    141630	    164331	    196589	    232182	    265689	    292530	    338832	    359318	    338688	    313091	    291500	    271283	    249005	    220573	    188288	    164563	    149041	         0	         0	         0	         0	         0	         0	         0	         0	         0	         0	         0	         0	         0	         0	         0
    20	     0	         0	  0.869517	   2.94465	   8.55483	   23.7298	   61.3886	   145.051	   492.908	   1397.44	    3273.9	   6640.13	   12063.5	   19864.8	   30501.1	   44110.2	     60624	   78807.5	   99674.3	    122702	    147821	    170801	    203829	    240350	    274739	    302164	    349508	    370220	    348633	    321478	    297929	    275425	    250838	    219983	    185636	    160375	    143660	         0	         0	         0	         0	         0	         0	         0	         0	         0	         0	         0	         0	         0	         0	         0
    21	     0	         0	   1.44436	   4.75076	   13.1132	   34.0243	   82.2587	   183.051	   581.923	   1582.02	   3602.09	   7158.23	   12816.3	     20887	   31847.8	     45860	   62893.9	   81730.5	    103427	    127482	    153868	    178139	    212132	    249189	    283655	    311005	    357816	    377431	    354466	    326281	    302114	    278657	    252848	    220626	    185007	    158618	    140903	         0	         0	         0	         0	         0	         0	         0	         0	         0	         0	         0	         0	         0	         0	         0
    22	     0	         0	    1.2518	   4.17326	   11.8154	   31.6653	   78.9339	   179.964	   583.132	   1594.53	   3627.38	   7177.77	   12777.6	   20704.9	   31401.7	   45006.4	     61478	   79598.6	    100470	    123629	    149067	    172460	    206081	    243421	    278840	    307537	    357347	    380835	    361722	    337168	    316148	    296398	    274730	    246311	    213799	    190218	    175305	         0	         0	         0	         0	         0	         0	         0	         0	         0	         0	         0	         0	         0	         0	         0
    23	     0	         0	   1.09245	   3.63031	   10.1493	   26.7493	    65.846	   149.405	   487.186	   1352.84	   3136.86	   6334.44	   11503.8	   18988.8	   29283.1	     42587	   58913.3	   77103.4	   98192.7	    121713	    147653	    171682	    205530	    242511	    277083	    304866	    352515	    373913	    353513	    327641	    305347	    283699	    259623	    229053	    194875	    169545	    152554	         0	         0	         0	         0	         0	         0	         0	         0	         0	         0	         0	         0	         0	         0	         0
    24	     0	         0	   0.82296	   2.78375	   8.00554	   21.8594	   55.7249	   130.303	   440.732	   1250.59	   2940.93	   6000.15	   10984.9	   18251.8	   28297.7	   41327.6	   57350.8	   75195.9	     95912	    119033	    144537	    168080	    201683	    238780	    273811	    302096	    350736	    372544	    351637	    324861	    301454	    278698	    253459	    221773	    186558	    160422	    142782	         0	         0	         0	         0	         0	         0	         0	         0	         0	         0	         0	         0	         0	         0	         0
    25	     0	         0	  0.977085	   3.26143	   9.19943	    24.561	   61.2558	    140.45	   461.293	   1281.87	   2965.83	    5970.2	   10810.4	   17809.1	   27440.8	   39918.7	   55286.6	   72436.2	   92460.7	    114965	    139963	    163153	    196298	    233156	    268287	    297086	    346956	    371274	    353593	    330480	    310699	    292005	    271426	    243946	    212319	    189470	    175208	         0	         0	         0	         0	         0	         0	         0	         0	         0	         0	         0	         0	         0	         0	         0
    26	     0	         0	  0.905526	   3.05027	   8.68743	   23.3902	   58.7914	    135.93	   455.387	   1289.36	   3036.16	    6209.9	   11394.7	   18957.3	     29399	   42906.7	   59458.8	   77843.4	   99086.6	    122681	    148582	    172392	    206181	    243300	    278054	    305644	    352513	    372319	    349916	    322061	    298005	    274751	    249215	    217619	    182760	    156951	    139570	         0	         0	         0	         0	         0	         0	         0	         0	         0	         0	         0	         0	         0	         0	         0
    27	     0	         0	  0.833573	   2.80235	   8.03575	   21.8904	   55.6641	   129.908	   441.118	   1256.09	   2963.45	   6065.23	   11137.5	   18555.3	   28837.5	   42206.5	   58686.9	   77115.3	   98503.4	    122359	    148642	    172984	    207104	    244130	    278475	    305852	    353018	    373285	    351197	    323397	    299180	    275210	    248395	    215094	    178483	    151119	    132308	         0	         0	         0	         0	         0	         0	         0	         0	         0	         0	         0	         0	         0	         0	         0
    28	     0	         0	  0.687673	   2.34279	   6.88448	   19.3916	   51.0226	   122.715	   428.379	   1241.23	   2955.43	   6061.67	   11096.1	   18371.2	   28335.7	   41157.5	   56824.3	   74184.7	   94266.8	    116618	    141207	    163857	    196345	    232236	    266193	    293824	    342217	    364890	    345839	    321287	    300037	    279426	    256594	    227041	    193747	    169409	    153624	         0	         0	         0	         0	         0	         0	         0	         0	         0	         0	         0	         0	         0	         0	         0
    29	     0	         0	  0.990409	   3.31794	   9.35377	   24.9041	   61.9408	   141.763	   464.248	   1290.24	   2990.27	   6031.99	   10940.9	   18039.5	     27795	   40399.6	   55867.2	   73056.4	   93025.8	    115345	    140007	    162707	    195168	    231031	    264873	    292149	    339627	    361100	    340667	    314961	    292923	    271850	    248740	    219092	    185770	    161429	    145668	         0	         0	         0	         0	         0	         0	         0	         0	         0	         0	         0	         0	         0	         0	         0
    30	     0	         0	   1.13394	   3.76403	   10.6082	   28.2636	    70.186	   160.186	   531.494	    1488.1	   3462.13	   6997.94	   12702.1	   20931.4	   32195.8	   46670.8	   64321.6	   83896.4	    106387	    131226	    158328	    183295	    218129	    255694	    290332	    317860	    365722	    386531	    364725	    337292	    313544	    290195	    264058	    231341	    195124	    168038	    149450	         0	         0	         0	         0	         0	         0	         0	         0	         0	         0	         0	         0	         0	         0	         0
    31	     0	         0	   0.95469	   3.24291	   9.61368	   27.3289	   71.9071	   171.026	   582.978	   1637.28	   3780.98	   7549.43	   13510.4	   21950.5	   33315.5	   47718.9	   65082.7	   84141.3	    105933	    129926	    156094	    180131	    214149	    251116	    285379	    312551	    359624	    379406	    356472	    327832	    302870	    278264	    250789	    216895	    179691	    151816	    132546	         0	         0	         0	         0	         0	         0	         0	         0	         0	         0	         0	         0	         0	         0	         0
    32	     0	         0	   1.36811	   4.51203	    12.415	   31.9669	   76.7673	   170.465	   545.451	   1501.13	   3464.75	   6973.88	   12624.6	   20760.8	   31885.2	   46173.7	   63597.6	   82927.3	    105170	    129774	    156661	    181485	    216290	    254014	    288955	    316733	    364511	    384693	    361636	    332326	    306391	    280463	    251370	    215622	    176741	    147305	    126488	         0	         0	         0	         0	         0	         0	         0	         0	         0	         0	         0	         0	         0	         0	         0
    33	     0	         0	   1.40617	   4.63805	   12.8357	   33.3693	   80.8192	   180.268	   577.217	   1580.08	   3620.83	   7237.54	   13022.6	     21303	   32565.1	   46958.4	     64428	   83717.8	    105837	    130233	    156843	    181226	    215256	    252055	    285997	    312763	    359104	    378261	    355012	    326707	    302507	    279073	    253303	    221202	    185698	    159440	    141858	         0	         0	         0	         0	         0	         0	         0	         0	         0	         0	         0	         0	         0	         0	         0
    34	     0	         0	   1.11457	   3.70312	   10.4876	   28.1287	    70.215	   160.635	   531.883	   1483.82	   3439.39	   6929.05	   12544.2	   20632.3	     31700	     45932	   63314.9	     82634	    104927	    129675	    156849	    181976	    216924	    254797	    289885	    317815	    365561	    386170	    364386	    337305	    314078	    291533	    266438	    234892	    199651	    173542	    156017	         0	         0	         0	         0	         0	         0	         0	         0	         0	         0	         0	         0	         0	         0	         0
    35	     0	         0	   1.07295	   3.58848	   10.1539	   27.1505	   67.6739	   154.901	   510.061	   1419.95	   3289.42	   6626.81	   12000.9	   19752.8	   30378.2	   44064.7	   60803.3	   79395.6	    100869	    124715	    150888	    175021	    208997	    245995	    280384	    307706	    354640	    374587	    352075	    323957	    299527	    275627	    249177	    216355	    180224	    153282	    134869	         0	         0	         0	         0	         0	         0	         0	         0	         0	         0	         0	         0	         0	         0	         0
    36	     0	         0	  0.863519	   2.90479	   8.32301	   22.6691	   57.6867	   134.755	   455.679	   1295.17	   3052.25	   6237.35	   11425.2	   18968.4	     29354	   42758.2	     59150	   77323.5	   98252.5	    121403	    146684	    169826	    202513	    238039	    270932	    296830	    341770	    360204	    337268	    309140	    284978	    261704	    235987	    204431	    169554	    143704	    126239	         0	         0	         0	         0	         0	         0	         0	         0	         0	         0	         0	         0	         0	         0	         0
    37	     0	         0	  0.974755	   3.26249	    9.3909	   25.7576	   65.7672	   153.404	    520.03	   1469.67	   3432.53	   6948.57	   12619.4	   20800.5	     32004	     46414	   64008.1	   83554.7	    106049	    130932	    158125	    183191	    217886	    255083	    289045	    315586	    361347	    379698	    355589	    326223	    300945	    276061	    248475	    214489	    177291	    149543	    130546	         0	         0	         0	         0	         0	         0	         0	         0	         0	         0	         0	         0	         0	         0	         0
    38	     0	         0	   1.01285	   3.38681	   9.72149	   26.5569	   67.5375	   157.031	   529.244	   1489.79	   3468.07	   6997.65	   12665.5	     20808	   31915.3	   46155.1	   63502.3	   82734.2	    104887	    129454	    156429	    181416	    216419	    254379	    289570	    317633	    365731	    386404	    363962	    335442	    310379	    285260	    256997	    222011	    183803	    154970	    134724	         0	         0	         0	         0	         0	         0	         0	         0	         0	         0	         0	         0	         0	         0	         0
    39	     0	         0	    1.0114	   3.36617	   9.44739	   25.0233	   61.9254	   141.316	   467.967	   1316.43	   3086.79	   6293.03	   11517.1	   19120.3	   29608.4	     43181	   59843.9	   78419.7	   99937.1	    123916	    150355	    174822	    209028	    246162	    280550	    307763	    354024	    372794	    348924	    319233	    293245	    267336	    238364	    203112	    164893	    136147	    116039	         0	         0	         0	         0	         0	         0	         0	         0	         0	         0	         0	         0	         0	         0	         0
    40	     0	         0	  0.874538	     2.945	   8.45048	   23.0738	   58.8298	    137.41	   462.459	   1301.77	   3032.31	   6125.63	   11110.7	   18317.2	   28229.8	   41065.9	   56876.1	   74545.7	   95186.9	    118415	    144292	    168472	    202974	    241210	    277618	    307663	    359702	    385219	    366901	    342283	    320503	    298933	    274853	    243246	    207765	    181607	    164350	         0	         0	         0	         0	         0	         0	         0	         0	         0	         0	         0	         0	         0	         0	         0
    41	     0	         0	   1.25123	   4.16152	   11.3767	   28.9735	    69.017	   152.602	   481.192	   1314.79	   3026.88	   6095.78	   11066.8	   18283.1	   28233.2	   41114.7	   56928.5	   74502.4	     94918	    117721	    142888	    166087	    199602	    237121	    272919	    301822	    350683	    372683	    351989	    325271	    301787	    279043	    254106	    222836	    188235	    162583	    145302	         0	         0	         0	         0	         0	         0	         0	         0	         0	         0	         0	         0	         0	         0	         0
    42	     0	         0	  0.875463	   2.93471	   8.34668	   22.4724	   56.4772	   130.526	   438.552	   1242.32	   2924.04	   5978.89	   10976.2	     18289	   28434.3	   41640.4	   57945.6	   76202.3	   97446.3	    121216	    147505	    171905	    206116	    243347	    278011	    305778	    353399	    374110	    352342	    324792	    300774	    276907	    250178	    216884	    180310	    152924	    134043	         0	         0	         0	         0	         0	         0	         0	         0	         0	         0	         0	         0	         0	         0	         0
    43	     0	         0	  0.946864	   3.16483	   9.10958	   24.9582	   63.6178	   148.261	   504.859	   1436.16	   3379.02	   6891.07	   12600.1	   20885.5	     32276	   46959.3	   64902.8	   84859.1	    107798	    133122	    160721	    186177	    221294	    258856	    293111	    319886	    365972	    384669	    361100	    332119	    307123	    282776	    255561	    222152	    185265	    157575	    138384	         0	         0	         0	         0	         0	         0	         0	         0	         0	         0	         0	         0	         0	         0	         0
    44	     0	         0	   1.27087	   4.21619	   11.8499	   31.4478	   77.6595	   175.867	   570.015	   1565.91	   3585.94	   7149.74	   12826.5	     20932	     31946	   46029.8	   63150.6	   82084.8	    103879	    128015	    154449	    178819	    213161	    250715	    285854	    314082	    362740	    384798	    364444	    338690	    316602	    295511	    272241	    242378	    208650	    183830	    167522	         0	         0	         0	         0	         0	         0	         0	         0	         0	         0	         0	         0	         0	         0	         0
    45	     0	         0	   1.31933	   4.33266	   11.9076	   30.7681	   74.3524	   166.194	   533.842	   1471.63	   3398.14	   6839.48	   12378.1	   20346.7	   31227.3	   45177.6	   62152.5	   80930.7	    102513	    126370	    152445	    176402	    210013	    246598	    280514	    307197	    352466	    370840	    347485	    318691	    293802	    269584	    242792	    210062	    174165	    147312	    128774	         0	         0	         0	         0	         0	         0	         0	         0	         0	         0	         0	         0	         0	         0	         0
    46	     0	         0	   1.08887	   3.62569	   10.2233	    27.243	   67.7198	   154.809	    512.07	   1434.16	   3343.41	    6774.2	   12321.9	   20336.3	   31313.7	   45422.4	   62621.5	   81673.6	    103576	    127780	    154207	    178512	    212674	    249801	    284261	    311619	    358685	    378656	    356220	    328124	    303715	    279823	    253233	    220348	    184116	    157030	    138410	         0	         0	         0	         0	         0	         0	         0	         0	         0	         0	         0	         0	         0	         0	         0
    47	     0	         0	   1.57023	   5.20806	   14.3135	   36.6947	   87.5747	   192.817	   600.239	   1609.08	   3625.79	   7143.88	   12699.6	   20582.5	     31250	   44854.3	   61369.6	   79586.8	    100579	    123869	    149443	    172952	    206528	    243368	    277889	    305607	    354064	    375861	    354853	    328315	    305311	    282970	    258414	    227068	    192115	    166484	    149670	         0	         0	         0	         0	         0	         0	         0	         0	         0	         0	         0	         0	         0	         0	         0
    48	     0	         0	   1.16713	   3.87809	   10.7653	   28.0442	   68.2526	   153.572	   498.893	    1387.4	   3229.17	   6550.26	   11946.4	     19784	   30575.9	   44512.1	   61572.1	   80538.3	    102415	    126666	    153227	    177747	    212317	    250007	    285116	    313095	    360894	    381284	    358714	    330031	    304723	    279654	    251707	    217321	    179762	    151528	    131828	         0	         0	         0	         0	         0	         0	         0	         0	         0	         0	         0	         0	         0	         0	         0
    49	     0	         0	  0.915704	   3.07199	   8.69266	   23.2184	   57.9093	   133.009	   442.143	   1244.71	   2918.54	   5953.27	   10913.6	   18171.6	   28244.3	   41360.6	   57556.1	   75681.2	   96788.3	    120416	    146549	    170808	    205164	    242932	    278461	    307102	    355947	    377701	    356554	    329301	    305299	    281538	    254992	    221815	    185244	    157972	    139314	         0	         0	         0	         0	         0	         0	         0	         0	         0	         0	         0	         0	         0	         0	         0
    50	     0	         0	   1.36373	   4.52134	   12.6057	   33.0526	   80.6381	   180.677	   575.981	   1567.24	      3569	    7091.4	   12693.7	     20684	   31532.8	   45394.7	   62229.9	   80813.4	    102183	    125819	    151665	    175359	    208777	    245241	    279202	    306217	    353038	    373151	    351255	    324312	    301349	    279456	    255389	    225022	    190957	    165904	    149411	         0	         0	         0	         0	         0	         0	         0	         0	         0	         0	         0	         0	         0	         0	         0
    51	     0	         0	  0.984859	   3.28962	   9.40884	   25.5803	   64.7711	   150.105	     504.5	   1420.99	   3316.01	      6715	   12206.8	   20145.4	   31038.2	   45075.4	   62248.1	   81352.1	    103420	    127945	    154904	    179854	    214627	    252388	    287439	    315349	    362791	    383064	    360932	    333323	    309480	    286154	    260169	    227800	    191946	    165204	    146946	         0	         0	         0	         0	         0	         0	         0	         0	         0	         0	         0	         0	         0	         0	         0
    52	     0	         0	    1.2315	   4.09509	   11.5088	   30.5113	   75.3135	   170.677	   557.197	   1541.29	   3553.26	   7130.88	   12870.6	   21112.9	   32358.2	   46771.9	   64312.4	     83729	    106052	    130734	    157722	    182542	    217270	    255013	    289995	    317644	    364915	    384609	    361312	    332615	    307844	    283780	    257346	    224460	    188193	    161302	    143170	         0	         0	         0	         0	         0	         0	         0	         0	         0	         0	         0	         0	         0	         0	         0
    53	     0	         0	    1.2518	   4.17326	   11.8154	   31.6653	   78.9339	   179.964	   583.132	   1594.53	   3627.38	   7177.77	   12777.6	   20704.9	   31401.7	   45006.4	     61478	   79598.6	    100470	    123629	    149067	    172460	    206081	    243421	    278840	    307537	    357347	    380835	    361722	    337168	    316148	    296398	    274730	    246311	    213799	    190218	    175305	         0	         0	         0	         0	         0	         0	         0	         0	         0	         0	         0	         0	         0	         0	         0
    54	     0	         0	  0.818656	   2.76789	   8.00098	   22.0201	   56.5257	   132.791	   451.248	   1280.69	   3005.92	   6115.85	   11164.7	   18503.4	     28630	   41754.7	   57898.4	   75904.8	   96795.5	    120094	    145769	    169472	    202867	    239202	    272993	    300018	    347141	    367940	    346788	    320434	    297816	    275800	    251484	    220618	    186219	    160954	    144319	         0	         0	         0	         0	         0	         0	         0	         0	         0	         0	         0	         0	         0	         0	         0
    55	     0	         0	   1.14075	    3.7806	   10.4813	   27.2897	   66.4422	   149.774	   491.161	   1378.05	   3230.68	   6587.65	   12054.5	   19998.7	   30933.2	   45044.8	   62309.5	   81501.4	    103623	    128134	    154976	    179764	    214611	    252552	    287881	    316082	    364347	    385077	    362456	    333600	    308119	    282727	    254400	    219443	    181400	    152684	    132502	         0	         0	         0	         0	         0	         0	         0	         0	         0	         0	         0	         0	         0	         0	         0
    56	     0	         0	  0.854114	   2.88169	   8.24953	   22.3641	   56.5559	   131.305	   441.315	   1248.43	   2932.48	   5983.45	   10965.2	   18247.5	   28344.7	   41478.1	   57668.1	   75743.3	   96766.3	    120259	    146176	    170084	    204062	    241592	    276922	    305105	    352923	    373757	    352180	    325110	    301750	    279357	    254820	    224065	    189765	    164564	    147937	         0	         0	         0	         0	         0	         0	         0	         0	         0	         0	         0	         0	         0	         0	         0
    57	     0	         0	  0.785104	   2.65931	   7.76952	   21.7053	   56.4617	   133.858	   458.814	   1304.06	   3055.04	   6195.08	   11266.8	   18608.6	     28713	   41795.9	   57897.1	   75882.3	   96826.3	    120295	    146298	    170477	    204659	    242153	    277414	    306069	    355768	    378996	    359437	    334185	    312256	    290814	    266933	    236009	    201223	    175662	    158896	         0	         0	         0	         0	         0	         0	         0	         0	         0	         0	         0	         0	         0	         0	         0
    58	     0	         0	   1.57023	   5.20806	   14.3135	   36.6947	   87.5747	   192.817	   600.239	   1609.08	   3625.79	   7143.88	   12699.6	   20582.5	     31250	   44854.3	   61369.6	   79586.8	    100579	    123869	    149443	    172952	    206528	    243368	    277889	    305607	    354064	    375861	    354853	    328315	    305311	    282970	    258414	    227068	    192115	    166484	    149670	         0	         0	         0	         0	         0	         0	         0	         0	         0	         0	         0	         0	         0	         0	         0
    59	     0	         0	  0.661056	   2.23309	   6.53791	   18.3909	   48.3583	   116.216	   409.345	   1192.08	   2854.31	   5902.14	   10915.4	   18272.8	   28488.4	   41782.5	     58181	   76539.7	   97870.4	    121706	    148044	    172524	    206656	    243686	    278047	    305490	    352277	    372309	    350380	    322884	    298999	    275236	    248571	    215537	    179245	    152083	    133356	         0	         0	         0	         0	         0	         0	         0	         0	         0	         0	         0	         0	         0	         0	         0
    60	     0	         0	  0.958159	   3.20869	   9.10988	   24.4706	   61.3297	   141.269	   472.079	    1330.1	   3113.02	    6329.3	     11558	   19167.1	   29674.9	     43295	   60031.4	   78683.3	    100255	    124209	    150443	    174624	    208683	    245819	    280484	    308239	    355969	    376681	    354800	    326975	    302612	    278551	    251683	    218423	    181877	    154359	    135173	         0	         0	         0	         0	         0	         0	         0	         0	         0	         0	         0	         0	         0	         0	         0
    61	     0	         0	   1.08887	   3.62569	   10.2233	    27.243	   67.7198	   154.809	    512.07	   1434.16	   3343.41	    6774.2	   12321.9	   20336.3	   31313.7	   45422.4	   62621.5	   81673.6	    103576	    127780	    154207	    178512	    212674	    249801	    284261	    311619	    358685	    378656	    356220	    328124	    303715	    279823	    253233	    220348	    184116	    157030	    138410	         0	         0	         0	         0	         0	         0	         0	         0	         0	         0	         0	         0	         0	         0	         0
    62	     0	         0	   1.44462	   4.73832	   13.1222	   34.3853	   84.3905	   191.254	   621.455	   1717.97	   3945.82	   7852.56	   14002.9	     22646	   34196.5	   48725.8	   66112.7	   85084.1	    106644	    130245	    155838	    179210	    212188	    248136	    281458	    307583	    351851	    369786	    346923	    318993	    295185	    272440	    247374	    216551	    182468	    156968	    139423	         0	         0	         0	         0	         0	         0	         0	         0	         0	         0	         0	         0	         0	         0	         0
    63	     0	         0	   1.07977	   3.58898	   10.1478	   27.2349	   68.1774	   156.424	    513.78	   1422.86	   3274.69	   6550.31	   11778.7	   19262.3	   29458.9	   42537.9	     58490	   76137.8	   96547.2	    119268	    144285	    167217	    199655	    235228	    268460	    294837	    340502	    360059	    338488	    312339	    290523	    270246	    248032	    219772	    187632	    164219	    149202	         0	         0	         0	         0	         0	         0	         0	         0	         0	         0	         0	         0	         0	         0	         0
    64	     0	         0	  0.887346	   2.97255	   8.52336	    23.265	   59.2779	   138.498	   471.212	   1343.38	   3171.11	   6489.95	   11908.6	   19806.6	   30704.2	     44792	   62042.5	     81231	    103333	    127785	    154502	    179078	    213304	    250297	    284337	    310950	    356308	    374715	    351383	    322991	    298754	    275562	    250128	    218723	    183917	    158170	    140880	         0	         0	         0	         0	         0	         0	         0	         0	         0	         0	         0	         0	         0	         0	         0
    65	     0	         0	  0.968015	   3.23829	   9.15872	   24.5203	   61.3126	   140.903	   464.979	   1295.96	   3003.39	   6050.42	   10957.5	   18046.9	   27793.8	   40405.1	     55910	   73171.1	   93259.7	    115735	    140554	    163362	    195837	    231665	    265377	    292343	    339170	    359996	    339131	    313166	    291079	    270300	    247622	    218655	    185853	    161946	    146566	         0	         0	         0	         0	         0	         0	         0	         0	         0	         0	         0	         0	         0	         0	         0
    66	     0	         0	   1.48828	   4.89801	   13.4874	   34.8042	   83.5661	   184.694	   581.267	   1570.63	   3563.03	      7065	   12634.8	   20584.4	   31395.7	   45243.8	   62118.7	   80823.2	    102425	    126439	    152849	    177246	    211499	    248925	    283985	    312335	    361443	    383792	    363414	    337630	    315466	    294094	    270371	    239834	    205385	    179970	    163201	         0	         0	         0	         0	         0	         0	         0	         0	         0	         0	         0	         0	         0	         0	         0
    67	     0	         0	    1.1747	   3.90337	    11.038	   29.5505	   73.6507	   168.279	   555.719	   1546.72	   3577.76	   7193.76	   12998.1	   21336.3	   32715.5	   47308.3	     65081	   84791.3	    107448	    132489	    159843	    185085	    220213	    258106	    292983	    320512	    367984	    388034	    365057	    336521	    311793	    287530	    260677	    227124	    190159	    162680	    144043	         0	         0	         0	         0	         0	         0	         0	         0	         0	         0	         0	         0	         0	         0	         0
    68	     0	         0	   1.35835	   4.48769	   12.2957	    31.465	   75.1528	   166.118	   525.962	   1435.73	   3293.55	   6603.08	   11932.8	   19628.2	   30193.7	   43826.3	   60521.1	   79074.5	    100557	    124468	    150750	    174993	    209505	    247736	    283953	    313235	    363336	    386665	    367058	    341781	    319939	    299400	    276962	    247928	    214891	    190719	    175088	         0	         0	         0	         0	         0	         0	         0	         0	         0	         0	         0	         0	         0	         0	         0
    69	     0	         0	   1.12747	   3.75234	   10.4391	   27.2553	   66.4709	   149.883	   488.343	   1361.56	   3174.17	   6440.32	   11735.4	     19407	     29949	   43547.2	   60188.7	   78670.8	    100017	    123719	    149718	    173666	    207606	    244743	    279448	    307135	    354770	    375177	    352636	    324040	    298895	    273987	    246302	    212108	    174795	    146844	    127507	         0	         0	         0	         0	         0	         0	         0	         0	         0	         0	         0	         0	         0	         0	         0
    70	     0	         0	  0.835658	   2.79501	   8.05922	   22.1974	   57.0474	    134.22	   462.057	   1327.41	   3150.86	   6475.34	   11916.1	   19854.2	   30808.8	   44970.1	   62313.1	   81620.4	    103861	    128476	    155384	    180186	    214496	    251392	    285219	    311734	    357118	    375712	    352885	    325109	    301514	    278885	    253799	    222722	    188088	    162410	    145118	         0	         0	         0	         0	         0	         0	         0	         0	         0	         0	         0	         0	         0	         0	         0
    71	     0	         0	   1.09514	   3.64756	   10.3046	   27.5656	   68.7705	   157.473	   517.872	   1440.95	   3337.98	   6724.27	   12171.2	   20009.6	   30720.3	   44470.5	   61231.6	   79799.1	    101201	    124935	    150976	    174950	    208621	    245319	    279419	    306405	    352438	    371762	    349338	    321808	    298291	    275662	    250767	    219713	    185233	    159740	    142684	         0	         0	         0	         0	         0	         0	         0	         0	         0	         0	         0	         0	         0	         0	         0
    72	     0	         0	  0.813991	    2.7405	   7.82531	     21.16	   53.4201	   123.987	   418.205	   1187.32	   2798.36	   5728.57	   10532.5	   17585.4	   27407.7	   40242.2	   56140.1	   73965.7	   94741.7	    117997	    143682	    167384	    200683	    236899	    270561	    297409	    344159	    364592	    343305	    316976	    294555	    272936	    249084	    218887	    185083	    160321	    144129	         0	         0	         0	         0	         0	         0	         0	         0	         0	         0	         0	         0	         0	         0	         0
    73	     0	         0	  0.946864	   3.16483	   9.10958	   24.9582	   63.6178	   148.261	   504.859	   1436.16	   3379.02	   6891.07	   12600.1	   20885.5	     32276	   46959.3	   64902.8	   84859.1	    107798	    133122	    160721	    186177	    221294	    258856	    293111	    319886	    365972	    384669	    361100	    332119	    307123	    282776	    255561	    222152	    185265	    157575	    138384	         0	         0	         0	         0	         0	         0	         0	         0	         0	         0	         0	         0	         0	         0	         0
    74	     0	         0	   1.02417	   3.43522	   9.70856	   25.8889	   64.4305	    147.55	   486.173	   1356.66	   3151.82	   6367.13	   11558.4	   19063.7	   29365.6	   42643.6	   58880.3	   76873.6	   97616.6	    120589	    145711	    168663	    201126	    236299	    268764	    294335	    339359	    358127	    335673	    308329	    285058	    262704	    238062	    207472	    173442	    148428	    131862	         0	         0	         0	         0	         0	         0	         0	         0	         0	         0	         0	         0	         0	         0	         0
    75	     0	         0	    1.0942	   3.64011	   10.3648	   28.0247	   70.5051	   162.269	   538.664	    1500.5	   3465.55	   6947.63	   12507.2	   20457.5	   31269.3	   45107.6	   61954.2	   80604.9	    102101	    125955	    152145	    176325	    210292	    247176	    281461	    308964	    356858	    377871	    356294	    328877	    304982	    281276	    254500	    221039	    184062	    156251	    136936	         0	         0	         0	         0	         0	         0	         0	         0	         0	         0	         0	         0	         0	         0	         0
    76	     0	         0	   1.20569	   3.97727	   11.0115	   28.7062	   69.9364	   157.288	   507.306	   1398.88	   3226.68	   6486.72	   11732.4	   19292.2	   29645.4	   42973.8	   59273.5	     77374	   98321.8	    121656	    147370	    171117	    204592	    241283	    275614	    303008	    349510	    369562	    348023	    321091	    297931	    275486	    250569	    219497	    184986	    159321	    141911	         0	         0	         0	         0	         0	         0	         0	         0	         0	         0	         0	         0	         0	         0	         0
    77	     0	         0	  0.812761	   2.73485	   7.89305	   21.7281	   55.8067	   131.138	   446.426	   1268.83	   2982.07	    6075.9	   11108.7	   18438.9	   28574.8	   41739.3	   57966.8	   76117.9	   97217.7	    120798	    146836	    170975	    204731	    241400	    275458	    302668	    349474	    369879	    348532	    321932	    299101	    276836	    252105	    220897	    186162	    160446	    143216	         0	         0	         0	         0	         0	         0	         0	         0	         0	         0	         0	         0	         0	         0	         0
    78	     0	         0	  0.967067	   3.24847	   9.40072	   25.9366	   66.5215	   155.514	   523.907	   1471.94	   3419.09	   6885.14	   12442.8	     20421	   31303.9	   45260.9	   62268.3	   81116.7	    102840	    126928	    153349	    177737	    211916	    249051	    283514	    310933	    357944	    378205	    356518	    329556	    306430	    284028	    259139	    227926	    193108	    167280	    149894	         0	         0	         0	         0	         0	         0	         0	         0	         0	         0	         0	         0	         0	         0	         0
    79	     0	         0	  0.981795	   3.28052	   9.12663	   23.8059	   58.0548	   131.013	   426.666	   1190.77	   2784.32	   5679.13	   10423.7	   17386.9	   27080.8	   39742.9	   55423.7	     72996	   93538.2	    116626	    142264	    166049	    199931	    237478	    273108	    302055	    351346	    373962	    353941	    328019	    305381	    283289	    258777	    227703	    193105	    167461	    150241	         0	         0	         0	         0	         0	         0	         0	         0	         0	         0	         0	         0	         0	         0	         0
    80	     0	         0	  0.694019	   2.34748	   6.72614	   18.2918	   46.6122	   109.541	   376.741	   1092.71	   2630.59	   5489.04	   10251.2	   17314.7	   27198.3	   40120.4	   56084.3	   73914.5	   94603.7	    117651	    142988	    166254	    199316	    235760	    270013	    297293	    343776	    363827	    342391	    315797	    293065	    271433	    247841	    218327	    185435	    161317	    145477	         0	         0	         0	         0	         0	         0	         0	         0	         0	         0	         0	         0	         0	         0	         0
    81	     0	         0	  0.936191	   3.12704	   8.90295	   24.0507	   60.6041	    140.16	    470.98	   1330.93	   3121.04	   6355.54	     11620	     19284	     29866	   43577.4	   60427.4	     79232	    101005	    125234	    151866	    176501	    210900	    248260	    282971	    310698	    358328	    379157	    357740	    330901	    307782	    285278	    260261	    228769	    193677	    167656	    150156	         0	         0	         0	         0	         0	         0	         0	         0	         0	         0	         0	         0	         0	         0	         0
    82	     0	         0	  0.812761	   2.73485	   7.89305	   21.7281	   55.8067	   131.138	   446.426	   1268.83	   2982.07	    6075.9	   11108.7	   18438.9	   28574.8	   41739.3	   57966.8	   76117.9	   97217.7	    120798	    146836	    170975	    204731	    241400	    275458	    302668	    349474	    369879	    348532	    321932	    299101	    276836	    252105	    220897	    186162	    160446	    143216	         0	         0	         0	         0	         0	         0	         0	         0	         0	         0	         0	         0	         0	         0	         0
    83	     0	         0	   1.08991	   3.60487	   9.99794	   26.1004	   63.7159	   143.732	    467.69	   1300.07	   3021.97	   6122.99	     11164	   18505.5	   28657.4	   41839.7	   58080.4	   76228.4	     97315	    120868	    146861	    170907	    204645	    241459	    275811	    303286	    350371	    371060	    349978	    323561	    300909	    279062	    254822	    224246	    190045	    164730	    147788	         0	         0	         0	         0	         0	         0	         0	         0	         0	         0	         0	         0	         0	         0	         0
    84	     0	         0	   1.06733	   3.55286	   10.0107	   26.6571	   66.1869	   151.005	   496.231	   1380.56	   3198.94	   6448.93	   11687.9	     19252	   29630.7	     43019	   59424.6	   77675.4	   98799.5	    122317	    148196	    172098	    205664	    242156	    276099	    303292	    350453	    370872	    348977	    321406	    297424	    273691	    247083	    213921	    177391	    149994	    131066	         0	         0	         0	         0	         0	         0	         0	         0	         0	         0	         0	         0	         0	         0	         0
    85	     0	         0	    1.4713	   4.85918	   13.5623	   35.6311	   86.9135	   194.237	   619.379	   1679.91	   3808.07	   7530.18	   13418.2	     21777	   33088.3	   47510.8	   65012.6	   84358.2	    106613	    131257	    158251	    183170	    218086	    256103	    291558	    320067	    369426	    391496	    370231	    343323	    320016	    297346	    272141	    240013	    204065	    177381	    159476	         0	         0	         0	         0	         0	         0	         0	         0	         0	         0	         0	         0	         0	         0	         0
    86	     0	         0	  0.644892	   2.18771	   6.42346	   18.0936	    47.575	   114.212	    400.86	   1163.39	   2778.24	   5735.95	   10605.3	   17770.5	   27756.8	   40807.5	   56973.4	   75130.5	   96318.3	    120088	    146443	    170980	    205348	    242884	    277932	    305981	    353595	    374084	    351846	    323786	    299253	    274961	    247904	    214289	    177395	    149876	    131038	         0	         0	         0	         0	         0	         0	         0	         0	         0	         0	         0	         0	         0	         0	         0
    87	     0	         0	  0.634768	   2.16551	   6.42378	   18.3154	   48.6713	   117.753	   415.896	   1210.07	   2891.59	   5966.94	   11017.6	   18424.3	   28704.3	   42072.9	   58542.3	   76942.3	   98317.7	    122194	    148565	    172982	    207321	    244999	    280220	    308140	    354926	    374549	    351973	    324084	    300093	    276935	    251519	    220011	    185145	    159416	    142227	         0	         0	         0	         0	         0	         0	         0	         0	         0	         0	         0	         0	         0	         0	         0
    88	     0	         0	   1.09377	   3.63924	   10.1547	   26.6671	   65.4032	   147.945	   480.936	   1333.19	   3088.73	   6235.98	   11327.9	   18708.3	   28871.1	   42020.1	   58171.5	   76165.4	   97061.9	    120409	    146200	    170083	    203974	    241339	    276614	    305181	    354044	    376323	    356085	    330026	    307329	    285212	    260647	    229472	    194728	    168924	    151527	         0	         0	         0	         0	         0	         0	         0	         0	         0	         0	         0	         0	         0	         0	         0
    89	     0	         0	  0.966975	   3.26228	   9.41527	   25.8399	   65.9482	    153.54	   511.613	   1425.43	   3289.91	   6592.63	   11873.9	   19453.3	   29813.8	   43154.4	   59493.9	   77676.2	     98791	    122384	    148433	    172681	    207440	    246068	    282994	    313636	    367289	    394790	    378506	    356015	    336208	    317303	    296392	    267743	    234586	    210613	    195685	         0	         0	         0	         0	         0	         0	         0	         0	         0	         0	         0	         0	         0	         0	         0
    90	     0	         0	  0.896642	   3.02302	    8.8025	   24.4747	   63.2676	   148.975	   506.696	   1435.15	   3357.91	   6805.69	   12365.9	   20379.6	     31336	   45401.5	   62540.8	   81534.5	    103406	    127633	    154177	    178655	    212879	    250022	    284376	    311406	    357093	    375482	    351831	    322806	    297752	    273318	    246215	    213145	    176842	    149670	    130923	         0	         0	         0	         0	         0	         0	         0	         0	         0	         0	         0	         0	         0	         0	         0
    91	     0	         0	  0.950259	    3.1846	   9.05263	   24.3802	   61.2244	   140.965	   464.728	   1293.96	   2997.88	      6042	     10953	   18061.1	   27848.6	   40526.3	   56125.1	     73515	   93755.9	    116410	    141459	    164571	    197264	    233215	    267020	    294218	    340986	    361792	    341442	    316123	    294658	    274296	    251817	    223131	    190633	    166797	    151250	         0	         0	         0	         0	         0	         0	         0	         0	         0	         0	         0	         0	         0	         0	         0
    92	     0	         0	   1.13554	   3.76821	   10.4201	   27.0101	   65.4077	   146.467	   471.498	   1301.69	   3012.38	   6085.25	   11072.5	     18329	     28361	   41389.6	   57448.2	   75388.3	   96286.9	    119702	    145635	    169677	    203773	    241409	    276941	    305618	    354344	    376101	    355093	    328144	    304570	    281510	    255859	    223694	    188037	    161479	    143411	         0	         0	         0	         0	         0	         0	         0	         0	         0	         0	         0	         0	         0	         0	         0
    93	     0	         0	   1.98837	   6.44104	   17.2214	   42.8418	   99.3413	   213.393	   648.512	   1720.24	   3856.91	   7571.75	   13407.6	   21623.1	   32651.9	   46610.2	   63442.1	   81925.6	    103151	    126659	    152487	    176184	    209485	    245957	    280024	    307160	    353503	    373112	    350924	    323892	    301025	    279104	    254950	    224580	    190673	    165668	    149097	         0	         0	         0	         0	         0	         0	         0	         0	         0	         0	         0	         0	         0	         0	         0
    94	     0	         0	  0.990586	   3.33639	    9.6399	   26.4885	   67.6662	   157.747	   531.251	   1492.01	   3463.94	   6971.16	   12589.7	   20648.7	   31632.7	   45705.9	   62834.8	   81781.1	    103580	    127703	    154100	    178389	    212686	    249998	    284696	    312399	    360676	    381868	    360144	    332757	    309001	    285881	    260172	    227845	    191893	    165187	    147144	         0	         0	         0	         0	         0	         0	         0	         0	         0	         0	         0	         0	         0	         0	         0
    95	     0	         0	    1.0627	   3.56465	   10.1646	    27.438	   68.9483	   158.725	   526.083	   1466.97	   3395.74	   6827.59	   12333.2	   20246.2	   31058.3	   44948.8	   61901.9	   80705.4	    102403	    126484	    152903	    177291	    211757	    249409	    284569	    312710	    361211	    382719	    361363	    334239	    310617	    287617	    262141	    230044	    194359	    167862	    149972	         0	         0	         0	         0	         0	         0	         0	         0	         0	         0	         0	         0	         0	         0	         0
    96	     0	         0	   1.00574	   3.36689	    9.5849	    25.826	   64.8117	   149.189	    497.78	   1397.99	    3260.7	   6607.14	   12023.8	   19868.6	   30651.9	   44571.7	   61628.1	   80618.5	    102583	    127017	    153890	    178791	    213794	    251933	    287509	    316081	    365300	    387160	    365613	    337991	    313734	    289728	    262873	    229153	    191939	    164098	    144968	         0	         0	         0	         0	         0	         0	         0	         0	         0	         0	         0	         0	         0	         0	         0
    97	     0	         0	  0.878027	   2.96772	   8.68036	   24.2604	   62.9881	   148.783	   507.911	   1438.59	   3360.07	      6793	   12309.5	   20237.5	     31053	   44917.9	   61799.6	     80479	    101983	    125802	    151898	    175936	    209794	    246608	    280826	    308145	    355460	    375872	    354029	    326667	    302998	    279792	    253827	    221483	    185650	    158916	    140659	         0	         0	         0	         0	         0	         0	         0	         0	         0	         0	         0	         0	         0	         0	         0
    98	     0	         0	  0.853989	   2.88235	   8.34525	   23.0207	   59.1982	   139.264	   476.025	   1357.29	    3197.6	   6523.12	     11922	   19747.6	   30491.2	   44322.2	   61204.9	     79913	    101446	    125277	    151357	    175318	    209048	    245677	    279596	    306411	    352675	    371852	    348738	    320157	    295409	    271151	    244264	    211208	    174963	    147962	    129498	         0	         0	         0	         0	         0	         0	         0	         0	         0	         0	         0	         0	         0	         0	         0
    99	     0	         0	  0.881855	   2.95635	   8.43776	   22.8688	    57.882	   134.515	   453.463	   1284.81	   3019.88	    6161.7	   11284.8	   18758.2	   29098.6	     42528	     59078	   77600.1	   99162.8	    123321	    150101	    175087	    210245	    248871	    285181	    314438	    363548	    385305	    363857	    336219	    311842	    287557	    260440	    226559	    189384	    161520	    142260	         0	         0	         0	         0	         0	         0	         0	         0	         0	         0	         0	         0	         0	         0	         0
