HIV-negative men in 2005
0	0.113	0.011911003
1	0.434	0.047225328
2	0.464	0.031791332
3	0.360	0.028434763
4	0.178	0.033452399
HIV-positive men in 2005
0	0.224	0.092801827
1	0.296	0.055775827
2	0.342	0.053165915
3	0.494	0.098793125
4	0.406	0.208150659
HIV-negative women in 2005
0	0.273	0.017098817
1	0.482	0.025852166
2	0.473	0.026112561
3	0.261	0.018366052
4	0.062	0.012428210
HIV-positive women in 2005
0	0.372	0.041405218
1	0.441	0.044580844
2	0.356	0.046907266
3	0.254	0.063642462
4	0.035	0.023976207
HIV-negative men in 2008
0	0.257	0.020431713
1	0.548	0.033347848
2	0.632	0.033592284
3	0.599	0.027905741
4	0.288	0.033019769
HIV-positive men in 2008
0	0.212	0.087638431
1	0.525	0.065160670
2	0.639	0.072373662
3	0.612	0.081065718
4	0.627	0.149738132
HIV-negative women in 2008
0	0.505	0.019169073
1	0.806	0.021146104
2	0.707	0.022768567
3	0.433	0.021483919
4	0.155	0.018045717
HIV-positive women in 2008
0	0.733	0.037866697
1	0.764	0.036016113
2	0.695	0.039026301
3	0.572	0.063512580
4	0.269	0.140218025
HIV-negative men in 2012
0	0.257	0.020431713
1	0.548	0.033347848
2	0.632	0.033592284
3	0.599	0.027905741
4	0.288	0.033019769
HIV-positive men in 2012
0	0.589	0.063504309
1	0.619	0.059408249
2	0.754	0.052356214
3	0.824	0.051616088
4	0.582	0.109084886
HIV-negative women in 2012
0	0.616	0.016355557
1	0.910	0.010675659
2	0.863	0.015234723
3	0.684	0.017609639
4	0.366	0.020960515
HIV-positive women in 2012
0	0.788	0.036306279
1	0.941	0.010808068
2	0.915	0.022402950
3	0.778	0.034122386
4	0.578	0.073349851
HIV-negative men in 2016
0	0.593	0.022945900
1	0.777	0.029688000
2	0.795	0.033736000
3	0.773	0.027963000
HIV-positive men in 2016
0	0.566	0.114680931
1	0.866	0.029704271
2	0.887	0.022147633
3	0.865	0.029439949
HIV-negative women in 2016
0	0.701	0.012163902
1	0.927	0.010798577
2	0.929	0.010231188
3	0.832	0.020905770
HIV-positive women in 2016
0	0.872	0.017077747
1	0.928	0.014937597
2	0.924	0.012883764
3	0.943	0.012939678
HIV-negative men in 2017
0	0.507	0.011771740
1	0.763	0.012505658
2	0.788	0.014935228
3	0.799	0.012713928
4	0.638	0.016629336
HIV-positive men in 2017
0	0.813	0.043940963
1	0.848	0.025568032
2	0.873	0.022051539
3	0.901	0.020989350
4	0.906	0.040589223
HIV-negative women in 2017
0	0.623	0.010585959
1	0.931	0.006723514
2	0.899	0.009434160
3	0.814	0.009500632
4	0.579	0.013134880
HIV-positive women in 2017
0	0.903	0.019356411
1	0.949	0.008842101
2	0.964	0.008134579
3	0.952	0.009966055
4	0.890	0.030142228
Sensitivity of self-reported testing history
0.85	0.85
Specificity of self-reported testing history
0.80