2005 male prevalence
0.00594987
0.0835616
0.215801
0.267431
0.235285
0.170141
0.106368
0.0558037
0.0247066
2005 female prevalence
0.0424605
0.228728
0.321803
0.280154
0.192929
0.114407
0.0548851
0.0214288
0.00687899
2008 male prevalence
0.0085551
0.065594
0.188203
0.261318
0.245758
0.186696
0.12456
0.0708259
0.0331098
2008 female prevalence
0.0386676
0.197655
0.310209
0.311023
0.236078
0.153414
0.0828198
0.0350082
0.0117728
2012 male prevalence
0.0201849
0.0463035
0.140721
0.230808
0.246843
0.204954
0.144967
0.0915705
0.0488106
2012 female prevalence
0.0414629
0.152783
0.268176
0.322697
0.291372
0.210076
0.131103
0.0662864
0.0261229
