0.0000000000000000000	0.0000000000000000000	0.0000000000000000000	0.0000000000000000000
0.0020250459872160800	0.0056480569996631300	0.0000000000000000000	0.0033382648245079300
0.0033833016375189000	0.0174685805045576000	0.0008620202327399610	0.0070551592355904100
0.0044805043189855600	0.0275584325052422000	0.0047223820674915400	0.0104236326233562000
0.0062130857133153400	0.0362296713675442000	0.0081275752568500100	0.0134283087044247000
0.0095429728068196900	0.0438092897961934000	0.0111650824779644000	0.0160519237291134000
0.0153665972811979000	0.0506093461570173000	0.0139184234886303000	0.0182791014140420000
0.0243839049043126000	0.0568970957991369000	0.0164592292885836000	0.0201001278747353000
0.0369673649209660000	0.0628651223771628000	0.0188393162807935000	0.0215147265582277000
0.0525070170067776000	0.0684819944621739000	0.0210510570779301000	0.0225509329060816000
0.0693449759635722000	0.0734773312028149000	0.0230234175830106000	0.0232669818206892000
0.0849064223286047000	0.0773716710031010000	0.0246298828281059000	0.0237475327326687000
0.0962235648114566000	0.0795959462336349000	0.0257201603291676000	0.0240885698704497000
0.1014420323001170000	0.0798349730263550000	0.0262113272311528000	0.0243539905353298000
0.1019822189131810000	0.0785202844583057000	0.0262186066466838000	0.0245133187135137000
0.1010103637627610000	0.0763202187342660000	0.0259396046969237000	0.0245654588140947000
0.1004810681057380000	0.0739135636224370000	0.0255399531580576000	0.0244025565789767000
0.0995681264707231000	0.0715122817377820000	0.0250411396588458000	0.0239142516270948000
0.0987988861615838000	0.0694458221438343000	0.0245189923859778000	0.0230456271363288000
0.0980525375301961000	0.0675971640575836000	0.0239670609876915000	0.0219080243300187000
0.0966963848983110000	0.0655494804253684000	0.0232933082616117000	0.0205686978348454000
0.0946332615134184000	0.0631609727633495000	0.0225103126953471000	0.0192693386533723000
0.0924888918992832000	0.0607330401562284000	0.0217437883366830000	0.0182480955786364000
0.0904239551371790000	0.0583093176677340000	0.0210359923503402000	0.0176545361606628000
0.0884193792327298000	0.0559073930118471000	0.0203682030380705000	0.0173595395314133000
0.0862807647239598000	0.0534604230406407000	0.0196816094327400000	0.0171521638640869000
0.0840215492475837000	0.0510366143363913000	0.0189534381466293000	0.0168059068392467000
0.0818902510957975000	0.0487994491455014000	0.0182205576598911000	0.0162616918481915000
0.0799668719823953000	0.0468180353359464000	0.0174856482559069000	0.0154243678743003000
0.0782197714374972000	0.0450359982607597000	0.0167494220762337000	0.0143775609913180000
0.0765229780723652000	0.0433394205585277000	0.0160055545835290000	0.0132817166709649000
0.0748537155367758000	0.0416441820182205000	0.0152590937432174000	0.0122640059963275000
0.0733201113026320000	0.0399630163593287000	0.0145229679704937000	0.0113189644998907000
0.0719428891188818000	0.0382678787819302000	0.0138021959884034000	0.0104931068216231000
0.0707004025098301000	0.0365728839215025000	0.0130910982456739000	0.0097633217869399100
0.0695443661441001000	0.0349191762803698000	0.0123999688176840000	0.0090550530484381400
0.0684493720817335000	0.0333242060491375000	0.0117045229961591000	0.0083449740953168900
0.0674301920033729000	0.0317649007608218000	0.0109670806894281000	0.0076837388373435100
0.0664792842912752000	0.0302410107288184000	0.0101712312825362000	0.0070762436574583800
0.0655899926760113000	0.0287523748372464000	0.0093428243868531900	0.0065146355839638700
0.0647565041014680000	0.0273096256857819000	0.0085199850946250100	0.0059982046462525200
0.0639720180002188000	0.0259042582206408000	0.0077434324406391300	0.0055061759113213400
0.0632285970359722000	0.0245165476620624000	0.0070286337828265700	0.0050141444760406300
0.0625191097713646000	0.0231395424277131000	0.0063963705551447400	0.0045089571864381000
0.0618369369734671000	0.0217861743246912000	0.0058400703693806200	0.0040057990145755900
0.0611985150365571000	0.0204712863282456000	0.0053024920312159900	0.0035096463098189200
0.0605795885135517000	0.0192178119619178000	0.0048006677932656900	0.0030599972235910600
0.0599318406537652000	0.0180408114224464000	0.0044122801728967900	0.0026985401453599800
0.0592341679681583000	0.0169532651059468000	0.0041609370858259100	0.0024486719508946100
0.0585075555165226000	0.0159481271102284000	0.0040088346701470900	0.0022812987319677300
0.0577773095601536000	0.0149950443882971000	0.0039283352318731200	0.0021701963516517300
0.0570853720525529000	0.0140935280671208000	0.0038382455292015400	0.0020537108488442000
0.0564567330200827000	0.0132731933640727000	0.0036650257099319100	0.0018827650282050000
0.0559123067857732000	0.0125404083308336000	0.0033606043241369200	0.0016231531131778200
0.0554311271731219000	0.0118821145118859000	0.0029685204878099600	0.0013081950180528000
0.0549879809246573000	0.0112730171500129000	0.0025630428367915000	0.0009830966965314190
0.0545410075271231000	0.0106983507090820000	0.0022167402986147500	0.0007109482091840520
0.0540651598844256000	0.0101617951531518000	0.0019431702792172400	0.0005225057413851810
0.0535395089877391000	0.0096567732143584400	0.0017722917510614500	0.0004478570224044320
0.0529848970110743000	0.0091770718154079400	0.0016823947193094800	0.0004590705171958990
0.0524264288605055000	0.0087379679396741000	0.0016189496961144900	0.0005038665983512710
0.0519057657129662000	0.0083167444394503500	0.0015559197778719800	0.0005397288943908740
0.0514477714875946000	0.0078682902698723500	0.0015166124144090600	0.0005665818005265750
0.0510732344534290000	0.0073728845052243500	0.0014967285048412100	0.0005681709972985610
0.0507613302407078000	0.0068501709951670100	0.0014924294039566900	0.0005519166778387480
0.0504770861824778000	0.0063331776129889800	0.0015000330214725200	0.0005332883695602400
0.0501905231284414000	0.0058502084589337500	0.0015158020124249700	0.0005249146583651320
0.0498833134671653000	0.0054185454961394000	0.0015358701042619300	0.0005327952666298380
0.0495504456316316000	0.0050428739596235500	0.0015562236786160200	0.0005553540727014150
0.0491993918464628000	0.0047160696517909100	0.0015727109804180000	0.0005839126011494040
0.0488417856001612000	0.0044270718975085200	0.0015811342090313800	0.0006074249252841730
0.0484917571395569000	0.0041624581351208600	0.0015772679364792800	0.0006134246476605850
0.0481642689642563000	0.0039080185074648600	0.0015568775256713700	0.0005889718805816690
0.0478734513210896000	0.0036503304528850000	0.0015157375486307800	0.0005216002266022900
0.0476334344568870000	0.0033759714097257500	0.0014496225773806400	0.0003988432882773120
0.0473946209338581000	0.0031222332077574000	0.0013863914757208200	0.0003049768011798640
MarriageData 1996														
0.006673662	0.060569612	0.226177433	0.430530045	0.580967637	0.685218171	0.737208862	0.77766931	0.797217492	0.793180594	0.788044484	0.767607637	0.725009955	0.671018377	0.596984795
0.020053577	0.140253316	0.32990942	0.486337027	0.581491438	0.631912617	0.653624828	0.642898947	0.616382675	0.572543535	0.541122051	0.489109269	0.452722024	0.368466288	0.348732841
MarriageData 2001														
0.00507458	0.03986937	0.16978815	0.33018998	0.49810749	0.65274517	0.71824952	0.7726291	0.8085113	0.80106097	0.79716003	0.76648651	0.73392229	0.66209716	0.54462479
0.029438167	0.138967466	0.31307009	0.46860394	0.572260132	0.614219174	0.617206572	0.610707153	0.560583747	0.489864754	0.413758982	0.369919311	0.324134923	0.263907878	0.215752772
MarriageData 2007														
0.01109455	0.059846861	0.220304002	0.420305698	0.58662438	0.692771068	0.758338728	0.799742386	0.814241841	0.816408319	0.802763546	0.779454592	0.731852765	0.674360484	0.607812111
0.022477881	0.109856677	0.250665544	0.394390247	0.501539511	0.556086222	0.594840824	0.565458852	0.543103006	0.47089732	0.382583939	0.337634636	0.283284292	0.229028527	0.164829214
MarriageData 2016														
0.006251479	0.023531966	0.092866622	0.214356222	0.354524185	0.478248768	0.594534392	0.680288348	0.730602354	0.748757915	0.751851709	0.770519472	0.752132423	0.734287116	0.646788535
0.0166117	0.076631031	0.181177812	0.296101313	0.393976522	0.464494093	0.528561873	0.558999223	0.561793329	0.552881684	0.531923326	0.495853739	0.453334383	0.418624082	0.438797526
MarriageConstant	
3.209	2.907
MarriageTrend	
0.0163	0.0186
MarriageShape	
0.483	0.511
MarriageMin	
16.0	16.0
DivorceAdj	
1.72	
DivorceTrend	
0.9936	
ORremarriage	
35.43	1.54

