0.0000000000000000000	0.0000000000000000000	0.0000000000000000000	0.0000000000000000000
0.0026307401014925200	0.0073373988236958700	0.0000000000000000000	0.0033382648245079300
0.0043952519347485600	0.0226934576002726000	0.0008620202327399610	0.0070551592355904100
0.0058206294875653300	0.0358011985819064000	0.0047223820674915400	0.0104236326233562000
0.0080714284234597300	0.0470660172322911000	0.0081275752568500100	0.0134283087044247000
0.0123972894486541000	0.0569127102358765000	0.0111650824779644000	0.0160519237291134000
0.0199627682266652000	0.0657466730563562000	0.0139184234886303000	0.0182791014140420000
0.0316771652928940000	0.0739150974951560000	0.0164592292885836000	0.0201001278747353000
0.0480243559692139000	0.0816681692499214000	0.0188393162807935000	0.0215147265582277000
0.0682119399369177000	0.0889650557069576000	0.0210510570779301000	0.0225509329060816000
0.0900861561940117000	0.0954545047204732000	0.0230234175830106000	0.0232669818206892000
0.1103020531406260000	0.1005136470540930000	0.0246298828281059000	0.0237475327326687000
0.1250041689206600000	0.1034032061469040000	0.0257201603291676000	0.0240885698704497000
0.1317834874040030000	0.1037137261908490000	0.0262113272311528000	0.0243539905353298000
0.1324852445958140000	0.1020058124156680000	0.0262186066466838000	0.0245133187135137000
0.1312227061975790000	0.0991477039269284000	0.0259396046969237000	0.0245654588140947000
0.1305350974621390000	0.0960212148727937000	0.0255399531580576000	0.0244025565789767000
0.1293490936949570000	0.0929017061856681000	0.0250411396588458000	0.0239142516270948000
0.1283497725231360000	0.0902171656091916000	0.0245189923859778000	0.0230456271363288000
0.1273801899622060000	0.0878155712789148000	0.0239670609876915000	0.0219080243300187000
0.1256184101631460000	0.0851554225808380000	0.0232933082616117000	0.0205686978348454000
0.1229382036605640000	0.0820525089043771000	0.0225103126953471000	0.0192693386533723000
0.1201524500668480000	0.0788983782260630000	0.0217437883366830000	0.0182480955786364000
0.1174698878033700000	0.0757497169188021000	0.0210359923503402000	0.0176545361606628000
0.1148657404153050000	0.0726293732066615000	0.0203682030380705000	0.0173595395314133000
0.1120874632870950000	0.0694505110617823000	0.0196816094327400000	0.0171521638640869000
0.1091525132715720000	0.0663017377515122000	0.0189534381466293000	0.0168059068392467000
0.1063837408330510000	0.0633954332930005000	0.0182205576598911000	0.0162616918481915000
0.1038850763108910000	0.0608213758151190000	0.0174856482559069000	0.0154243678743003000
0.1016154155259910000	0.0585063289343887000	0.0167494220762337000	0.0143775609913180000
0.0994111088693628000	0.0563023024457382000	0.0160055545835290000	0.0132817166709649000
0.0972425675522684000	0.0541000156642350000	0.0152590937432174000	0.0122640059963275000
0.0952502601261406000	0.0519160109828506000	0.0145229679704937000	0.0113189644998907000
0.0934611088425011000	0.0497138553624048000	0.0138021959884034000	0.0104931068216231000
0.0918469927342080000	0.0475118851457773000	0.0130910982456739000	0.0097633217869399100
0.0903451842590877000	0.0453635512140362000	0.0123999688176840000	0.0090550530484381400
0.0889226759264625000	0.0432915231344379000	0.0117045229961591000	0.0083449740953168900
0.0875986576475140000	0.0412658274325439000	0.0109670806894281000	0.0076837388373435100
0.0863633320959827000	0.0392861397401338000	0.0101712312825362000	0.0070762436574583800
0.0852080521028543000	0.0373522507513394000	0.0093428243868531900	0.0065146355839638700
0.0841252659187235000	0.0354779732914137000	0.0085199850946250100	0.0059982046462525200
0.0831061389168439000	0.0336522584329763000	0.0077434324406391300	0.0055061759113213400
0.0821403596924312000	0.0318494816867871000	0.0070286337828265700	0.0050141444760406300
0.0812186637851361000	0.0300606122424206000	0.0063963705551447400	0.0045089571864381000
0.0803324521401138000	0.0283024498287388000	0.0058400703693806200	0.0040057990145755900
0.0795030773003797000	0.0265942769758467000	0.0053024920312159900	0.0035096463098189200
0.0786990289803778000	0.0249658866565608000	0.0048006677932656900	0.0030599972235910600
0.0778575388210659000	0.0234368435937301000	0.0044122801728967900	0.0026985401453599800
0.0769511912500337000	0.0220240106382775000	0.0041609370858259100	0.0024486719508946100
0.0760072479880884000	0.0207182344487178000	0.0040088346701470900	0.0022812987319677300
0.0750585844350134000	0.0194800833388404000	0.0039283352318731200	0.0021701963516517300
0.0741596874418274000	0.0183089222129991000	0.0038382455292015400	0.0020537108488442000
0.0733430215870651000	0.0172432242419019000	0.0036650257099319100	0.0018827650282050000
0.0726357566973074000	0.0162912621704796000	0.0033606043241369200	0.0016231531131778200
0.0720106555830543000	0.0154360717407298000	0.0029685204878099600	0.0013081950180528000
0.0714349636659219000	0.0146447924978345000	0.0025630428367915000	0.0009830966965314190
0.0708542998940289000	0.0138982425129538000	0.0022167402986147500	0.0007109482091840520
0.0702361255494720000	0.0132012024325926000	0.0019431702792172400	0.0005225057413851810
0.0695532517273325000	0.0125451277187814000	0.0017722917510614500	0.0004478570224044320
0.0688327545252981000	0.0119219469540344000	0.0016823947193094800	0.0004590705171958990
0.0681072477622998000	0.0113515064890246000	0.0016189496961144900	0.0005038665983512710
0.0674308535321204000	0.0108042944450883000	0.0015559197778719800	0.0005397288943908740
0.0668358725872217000	0.0102217070001423000	0.0015166124144090600	0.0005665818005265750
0.0663493109972659000	0.0095781246717420300	0.0014967285048412100	0.0005681709972985610
0.0659441157940903000	0.0088990668127201700	0.0014924294039566900	0.0005519166778387480
0.0655748539366721000	0.0082274399799035300	0.0015000330214725200	0.0005332883695602400
0.0652025794685273000	0.0076000140698856900	0.0015158020124249700	0.0005249146583651320
0.0648034829637628000	0.0070392401053826400	0.0015358701042619300	0.0005327952666298380
0.0643710538885894000	0.0065512046818216100	0.0015562236786160200	0.0005553540727014150
0.0639149994205653000	0.0061266527440467300	0.0015727109804180000	0.0005839126011494040
0.0634504326410310000	0.0057512153533743600	0.0015811342090313800	0.0006074249252841730
0.0629957101735964000	0.0054074552410042500	0.0015772679364792800	0.0006134246476605850
0.0625702698226282000	0.0050769123614306000	0.0015568775256713700	0.0005889718805816690
0.0621924682117364000	0.0047421494458531700	0.0015157375486307800	0.0005216002266022900
0.0618806619645310000	0.0043857292254717000	0.0014496225773806400	0.0003988432882773120
0.0615704189795435000	0.0040560975689993400	0.0013863914757208200	0.0003049768011798640
MarriageData 1996														
0.007008042	0.07141575	0.294438943	0.570506682	0.704066451	0.772434029	0.78531664	0.805896319	0.804968849	0.797792069	0.794605237	0.758248271	0.753162443	0.725274973	0.620357344
0.032749667	0.204708406	0.446084811	0.600664099	0.660245205	0.681499666	0.690179214	0.662553173	0.628901067	0.592666993	0.531789558	0.472083834	0.42105195	0.375480341	0.358073643
MarriageData 2001														
0.009280595	0.07804568	0.287571958	0.518613936	0.689741991	0.765727553	0.80627905	0.812522357	0.829913511	0.793044416	0.799381396	0.747863865	0.720333379	0.673581834	0.609872611
0.046330508	0.211577641	0.414130032	0.566809614	0.631316229	0.654363819	0.647905057	0.612584169	0.594612952	0.5214651	0.458729073	0.382858457	0.348478259	0.265552302	0.201470752
MarriageData 2007														
0.007212314	0.059998897	0.23623423	0.451479764	0.621550749	0.70493389	0.751215945	0.788965384	0.789262875	0.777176795	0.770337264	0.717498945	0.714846036	0.70147985	0.572554561
0.030547073	0.184932033	0.344187245	0.497952103	0.580814315	0.599348562	0.603311697	0.57618718	0.519958792	0.465510581	0.413001579	0.366474219	0.246531617	0.204174304	0.138464426
MarriageData 2016														
0.005371565	0.038728284	0.15784446	0.325026553	0.47703189	0.565909536	0.653843228	0.700923541	0.737709839	0.747148604	0.748091554	0.728719643	0.703688368	0.635786212	0.633359321
0.022720229	0.136720379	0.282287898	0.406348661	0.476610102	0.526431895	0.547130227	0.550303526	0.533877663	0.501402964	0.473240459	0.426648062	0.363824679	0.311704713	0.285196041
MarriageConstant	
2.955	2.569
MarriageTrend	
0.0165	0.0179
MarriageShape	
0.443	0.574
MarriageMin	
16.0	16.0
DivorceAdj	
2.10	
DivorceTrend	
1.0129	
ORremarriage	
18.05	1.33

