0.0000000000000000000	0.0000000000000000000	0.0000000000000000000	0.0000000000000000000
0.0023161950893575400	0.0064601011382539700	0.0000000000000000000	0.0033382648245079300
0.0038697326816807900	0.0199801094089356000	0.0008620202327399610	0.0070551592355904100
0.0051246846575303400	0.0315206204905915000	0.0047223820674915400	0.0104236326233562000
0.0071063663293504100	0.0414385586501693000	0.0081275752568500100	0.0134283087044247000
0.0109150048406628000	0.0501079296641956000	0.0111650824779644000	0.0160519237291134000
0.0175759155039118000	0.0578856577996180000	0.0139184234886303000	0.0182791014140420000
0.0278896781383088000	0.0650774227946482000	0.0164592292885836000	0.0201001278747353000
0.0422823134076774000	0.0719034968396047000	0.0188393162807935000	0.0215147265582277000
0.0600561645096775000	0.0783279294811257000	0.0210510570779301000	0.0225509329060816000
0.0793149853447277000	0.0840414661125905000	0.0230234175830106000	0.0232669818206892000
0.0971137641781602000	0.0884957109932773000	0.0246298828281059000	0.0237475327326687000
0.1100580182888420000	0.0910397793249919000	0.0257201603291676000	0.0240885698704497000
0.1160267660839590000	0.0913131719723778000	0.0262113272311528000	0.0243539905353298000
0.1166446175245760000	0.0898094652790120000	0.0262186066466838000	0.0245133187135137000
0.1155330348043900000	0.0872930871530565000	0.0259396046969237000	0.0245654588140947000
0.1149276401568840000	0.0845404174423509000	0.0255399531580576000	0.0244025565789767000
0.1138834411879520000	0.0817938934895556000	0.0250411396588458000	0.0239142516270948000
0.1130036040692830000	0.0794303305907013000	0.0245189923859778000	0.0230456271363288000
0.1121499498580290000	0.0773158834086097000	0.0239670609876915000	0.0219080243300187000
0.1105988176436390000	0.0749737959679117000	0.0232933082616117000	0.0205686978348454000
0.1082390706141920000	0.0722418828397233000	0.0225103126953471000	0.0192693386533723000
0.1057863962545070000	0.0694648764816425000	0.0217437883366830000	0.0182480955786364000
0.1034245751312280000	0.0666926855480758000	0.0210359923503402000	0.0176545361606628000
0.1011317931917360000	0.0639454264102128000	0.0203682030380705000	0.0173595395314133000
0.0986857013723340000	0.0611466456087431000	0.0196816094327400000	0.0171521638640869000
0.0961016692934493000	0.0583743560638314000	0.0189534381466293000	0.0168059068392467000
0.0936639457334475000	0.0558155445297070000	0.0182205576598911000	0.0162616918481915000
0.0914640345780670000	0.0535492547937461000	0.0174856482559069000	0.0154243678743003000
0.0894657462783184000	0.0515110069965814000	0.0167494220762337000	0.0143775609913180000
0.0875249980262868000	0.0495705054141825000	0.0160055545835290000	0.0132817166709649000
0.0856157388231928000	0.0476315355304678000	0.0152590937432174000	0.0122640059963275000
0.0838616420675804000	0.0457086618435967000	0.0145229679704937000	0.0113189644998907000
0.0822864110461151000	0.0437698074386390000	0.0138021959884034000	0.0104931068216231000
0.0808652870812049000	0.0418311162696517000	0.0130910982456739000	0.0097633217869399100
0.0795430426628925000	0.0399396483514884000	0.0123999688176840000	0.0090550530484381400
0.0782906168482985000	0.0381153627596681000	0.0117045229961591000	0.0083449740953168900
0.0771249051027025000	0.0363318698047397000	0.0109670806894281000	0.0076837388373435100
0.0760372815192891000	0.0345888839016395000	0.0101712312825362000	0.0070762436574583800
0.0750201328296869000	0.0328862207702010000	0.0093428243868531900	0.0065146355839638700
0.0740668102110500000	0.0312360417022230000	0.0085199850946250100	0.0059982046462525200
0.0731695353506995000	0.0296286188377291000	0.0077434324406391300	0.0055061759113213400
0.0723192297292057000	0.0280413914851060000	0.0070286337828265700	0.0050141444760406300
0.0715077365934350000	0.0264664086047399000	0.0063963705551447400	0.0045089571864381000
0.0707274850364046000	0.0249184612622591000	0.0058400703693806200	0.0040057990145755900
0.0699972745796822000	0.0234145264678650000	0.0053024920312159900	0.0035096463098189200
0.0692893624718544000	0.0219808349911024000	0.0048006677932656900	0.0030599972235910600
0.0685484852663733000	0.0206346122944798000	0.0044122801728967900	0.0026985401453599800
0.0677505053397036000	0.0193907050184835000	0.0041609370858259100	0.0024486719508946100
0.0669194248590778000	0.0182410542428928000	0.0040088346701470900	0.0022812987319677300
0.0660841884699575000	0.0171509429396312000	0.0039283352318731200	0.0021701963516517300
0.0652927682911741000	0.0161198119484014000	0.0038382455292015400	0.0020537108488442000
0.0645737472668725000	0.0151815343868919000	0.0036650257099319100	0.0018827650282050000
0.0639510466574120000	0.0143433938674875000	0.0033606043241369200	0.0016231531131778200
0.0634006858937761000	0.0135904544673817000	0.0029685204878099600	0.0013081950180528000
0.0628938267058660000	0.0128937846991804000	0.0025630428367915000	0.0009830966965314190
0.0623825901240907000	0.0122364961255354000	0.0022167402986147500	0.0007109482091840520
0.0618383279294265000	0.0116227977939130000	0.0019431702792172400	0.0005225057413851810
0.0612371020642818000	0.0110451667958837000	0.0017722917510614500	0.0004478570224044320
0.0606027512668386000	0.0104964967747477000	0.0016823947193094800	0.0004590705171958990
0.0599639898776770000	0.0099942611479456000	0.0016189496961144900	0.0005038665983512710
0.0593684688706712000	0.0095124766310016200	0.0015559197778719800	0.0005397288943908740
0.0588446269517930000	0.0089995463805600300	0.0015166124144090600	0.0005665818005265750
0.0584162412041145000	0.0084329141131641800	0.0014967285048412100	0.0005681709972985610
0.0580594932534925000	0.0078350479546775400	0.0014924294039566900	0.0005519166778387480
0.0577343822703308000	0.0072437243301324500	0.0015000330214725200	0.0005332883695602400
0.0574066188798990000	0.0066913167354428400	0.0015158020124249700	0.0005249146583651320
0.0570552404354868000	0.0061975918319129700	0.0015358701042619300	0.0005327952666298380
0.0566745148366929000	0.0057679084698646800	0.0015562236786160200	0.0005553540727014150
0.0562729886202803000	0.0053941181768237500	0.0015727109804180000	0.0005839126011494040
0.0558639678687338000	0.0050635700393839400	0.0015811342090313800	0.0006074249252841730
0.0554636143919707000	0.0047609116795798300	0.0015772679364792800	0.0006134246476605850
0.0550890419090531000	0.0044698902312595500	0.0015568775256713700	0.0005889718805816690
0.0547564122298983000	0.0041751533164576900	0.0015157375486307800	0.0005216002266022900
0.0544818871644240000	0.0038613485572087800	0.0014496225773806400	0.0003988432882773120
0.0542087384493807000	0.0035711293814015900	0.0013863914757208200	0.0003049768011798640
MarriageData 1996														
0.005669265	0.047836302	0.215919755	0.432914094	0.587318016	0.669986554	0.724649369	0.747251591	0.768442003	0.786945694	0.797334494	0.769844276	0.751634601	0.676195114	0.714666769
0.027549446	0.18473382	0.422522621	0.558220718	0.616789084	0.629556078	0.638080429	0.616251334	0.584639797	0.549626195	0.501731953	0.441270331	0.39637435	0.330367537	0.400851171
MarriageData 2001														
0.009835837	0.047311233	0.203925709	0.418901108	0.569947352	0.656838351	0.716730963	0.752049545	0.772957855	0.791009964	0.783294666	0.77365915	0.722656283	0.706250224	0.619596542
0.033343038	0.162318871	0.379849011	0.536786813	0.596123036	0.607961766	0.610911694	0.575824316	0.538128866	0.465121235	0.412389141	0.34100659	0.267510551	0.255548164	0.185002974
MarriageData 2007														
0.003817385	0.04145023	0.181936443	0.355497405	0.518011086	0.602085761	0.674652342	0.698739864	0.736029942	0.778330861	0.767602725	0.751275058	0.700380051	0.691364367	0.580815425
0.029972499	0.149169924	0.310680192	0.460210863	0.529923969	0.553924934	0.558596922	0.539135862	0.483508146	0.422848119	0.378916384	0.298090916	0.239062384	0.176261923	0.140018761
MarriageData 2016														
0.00381088	0.022523093	0.104476666	0.237723481	0.406926682	0.503911114	0.593547499	0.644029238	0.704856289	0.726790772	0.744098158	0.756384889	0.732362991	0.703216356	0.604134429
0.019574495	0.102338981	0.233390121	0.377447689	0.465567883	0.515914662	0.546989325	0.548019413	0.519649234	0.493561947	0.464400304	0.425034266	0.385466338	0.361274534	0.320471521
MarriageConstant	
3.209	2.708
MarriageTrend	
0.0147	0.0200
MarriageShape	
0.530	0.571
MarriageMin	
16.0	16.0
DivorceAdj	
1.84	
DivorceTrend	
0.9989	
ORremarriage	
50.51	1.41
