0.0000000000000000000	0.0000000000000000000	0.0000000000000000000	0.0000000000000000000
0.0025995455548345000	0.0072503940945611400	0.0001248578397927710	0.0034737697373801900
0.0043431343228740700	0.0224243652176606000	0.0002497156795855410	0.0069475394747603700
0.0057516101655783900	0.0353766784406190000	0.0003745735193783120	0.0104213092121406000
0.0079757197860274000	0.0465079221662955000	0.0065390566126884600	0.0149837961313044000
0.0122502860164566000	0.0562378559643048000	0.0127035397059986000	0.0195462830504682000
0.0197260555599459000	0.0649670682375061000	0.0188680227993088000	0.0241087699696320000
0.0313015467321087000	0.0730386338884941000	0.0250325058926189000	0.0286712568887959000
0.0474548972027805000	0.0806997719860884000	0.0267575692170885000	0.0285845694822648000
0.0674031027044641000	0.0879101340977842000	0.0284826325415580000	0.0284978820757337000
0.0890179409031736000	0.0943226331229972000	0.0302076958660276000	0.0284111946692026000
0.1089941236567450000	0.0993217856265739000	0.0319327591904971000	0.0283245072626715000
0.1235219060480830000	0.1021770811728300000	0.0336578225149667000	0.0282378198561404000
0.1302208373557340000	0.1024839191609180000	0.0324392219758512000	0.0271795894237674000
0.1309142733160220000	0.1007962573277350000	0.0312206214367357000	0.0261213589913943000
0.1296667057288330000	0.0979720394534865000	0.0300020208976203000	0.0250631285590212000
0.1289872504566590000	0.0948826233920886000	0.0287834203585048000	0.0240048981266482000
0.1278153099752540000	0.0918001049265495000	0.0275648198193893000	0.0229466676942751000
0.1268278384615970000	0.0891473968470273000	0.0261741163634500000	0.0215432343103380000
0.1258697529270810000	0.0867742799198763000	0.0247834129075107000	0.0201398009264008000
0.1241288637975750000	0.0841456744869941000	0.0233927094515714000	0.0187363675424637000
0.1214804383997670000	0.0810795542533370000	0.0220020059956321000	0.0173329341585265000
0.1187277174573600000	0.0779628243340544000	0.0206113025396928000	0.0159295007745894000
0.1160769642325790000	0.0748514989316226000	0.0195388290460328000	0.0152639031980655000
0.1135036960625540000	0.0717681553425509000	0.0184663555523727000	0.0145983056215416000
0.1107583629319120000	0.0686269872151999000	0.0173938820587126000	0.0139327080450178000
0.1078582146952290000	0.0655155511378579000	0.0163214085650526000	0.0132671104684939000
0.1051222735504460000	0.0626437087875499000	0.0152489350713925000	0.0126015128919700000
0.1026532374613550000	0.0601001737303548000	0.0144317895553705000	0.0117400709784362000
0.1004104896501890000	0.0578125779984078000	0.0136146440393484000	0.0108786290649024000
0.0982323210171569000	0.0556346862112037000	0.0127974985233264000	0.0100171871513686000
0.0960894936287237000	0.0534585135022085000	0.0119803530073043000	0.0091557452378347400
0.0941208104013248000	0.0513004061095362000	0.0111632074912823000	0.0082943033243009100
0.0923528743502975000	0.0491243630063289000	0.0105200079360197000	0.0076727973071938000
0.0907578979587036000	0.0469485031084756000	0.0098768083807570100	0.0070512912900866800
0.0892738974892171000	0.0448256434921306000	0.0092336088254943700	0.0064297852729795700
0.0878682568443305000	0.0427781849154524000	0.0085904092702317200	0.0058082792558724500
0.0865599383868715000	0.0407765093206956000	0.0079472097149690800	0.0051867732387653400
0.0853392609644098000	0.0388202961859029000	0.0073200674404954200	0.0047805294322118600
0.0841976799435319000	0.0369093386870943000	0.0066929251660217500	0.0043742856256583900
0.0831277331212683000	0.0350572858610808000	0.0060657828915480900	0.0039680418191049200
0.0821206906292924000	0.0332532197954311000	0.0054386406170744200	0.0035617980125514400
0.0811663633324418000	0.0314718198486038000	0.0048114983426007600	0.0031555542059979700
0.0802555966256285000	0.0297041622948821000	0.0044408100630277300	0.0028590066530901700
0.0793798934190848000	0.0279668476568565000	0.0040701217834547100	0.0025624591001823700
0.0785603530636163000	0.0262789298180303000	0.0036994335038816800	0.0022659115472745800
0.0777658389134168000	0.0246698484748624000	0.0033287452243086500	0.0019693639943667800
0.0769343268982865000	0.0231589363574408000	0.0029580569447356300	0.0016728164414589800
0.0760387265316538000	0.0217628563619343000	0.0028066675568959600	0.0015533990227968300
0.0751059762728146000	0.0204725636845037000	0.0026552781690563000	0.0014339816041346800
0.0741685616946773000	0.0192490942083403000	0.0025038887812166300	0.0013145641854725200
0.0732803235591180000	0.0180918203685762000	0.0023524993933769600	0.0011951467668103700
0.0724733414891948000	0.0170387591323142000	0.0022011100055373000	0.0010757293481482200
0.0717744631396318000	0.0160980851486953000	0.0020034517336249400	0.0009321314849373050
0.0711567742915557000	0.0152530353169267000	0.0018057934617125900	0.0007885336217263920
0.0705879087607924000	0.0144711388318523000	0.0016081351898002400	0.0006449357585154790
0.0700141303300681000	0.0137334412183338000	0.0014104769178878800	0.0005013378953045650
0.0694032861160791000	0.0130446664353681000	0.0012128186459755300	0.0003577400320936520
0.0687285096119886000	0.0123963712636180000	0.0011527984160014600	0.0003477253555639740
0.0680165558550377000	0.0117805799941052000	0.0010927781860273900	0.0003377106790342970
0.0672996519390315000	0.0112169036452813000	0.0010327579560533200	0.0003276960025046190
0.0666312781937948000	0.0106761802817078000	0.0009727377260792490	0.0003176813259749410
0.0660433523589147000	0.0101005009882829000	0.0009127174961051800	0.0003076666494452640
0.0655625602739781000	0.0094645500708913300	0.0008776129770242120	0.0002958333167742920
0.0651621697570062000	0.0087935442813440400	0.0008425084579432430	0.0002839999841033200
0.0647972864986878000	0.0081298814030667300	0.0008074039388622750	0.0002721666514323490
0.0644294263522997000	0.0075098953259740100	0.0007722994197813060	0.0002603333187613770
0.0640350622171569000	0.0069557708551211800	0.0007371949007003380	0.0002484999860904050
0.0636077607594757000	0.0064735224128672100	0.0007020903816193700	0.0002366666534194340
0.0631571140519420000	0.0060540046877932100	0.0006669858625384010	0.0002248333207484620
0.0626980559693982000	0.0056830191238877000	0.0006318813434574330	0.0002129999880774900
0.0622487254679806000	0.0053433352183836500	0.0005967768243764640	0.0002011666554065190
0.0618283298642571000	0.0050167118195954600	0.0005616723052954960	0.0001893333227355470
0.0614550081143640000	0.0046859184247561000	0.0005265677862145270	0.0001774999900645750
0.0611468991744377000	0.0043337245310985200	0.0004914632671335590	0.0001656666573936040
0.0608403349600232000	0.0040080015503946100	0.0004563587480525900	0.0001538333247226320
MarriageData 1996
0.007923563	0.084284037	0.321356455	0.561812923	0.689371072	0.760603389	0.787650621	0.802986216	0.814146974	0.803031798	0.801382168	0.774504469	0.74533013	0.694044894	0.617417876
0.03226425	0.215998129	0.451070763	0.585351807	0.640543899	0.658626063	0.661864186	0.646146333	0.60857727	0.559965896	0.504054833	0.441684817	0.383437507	0.316329645	0.301103665
MarriageData 2001
0.011268306	0.077337061	0.293774977	0.527967034	0.670138098	0.740439028	0.779522452	0.799163779	0.809405979	0.802254576	0.79068698	0.765861571	0.724346703	0.675213003	0.580117503
0.041431218	0.203985732	0.42179404	0.56314622	0.622917457	0.632923188	0.627250159	0.603918411	0.565772641	0.489628584	0.421877226	0.34693925	0.280834	0.217566173	0.154376874
MarriageData 2007
0.005548868	0.058772219	0.242864989	0.457773374	0.622731188	0.716428172	0.764162559	0.78982272	0.800742869	0.799475075	0.791883701	0.763449696	0.728468192	0.676177976	0.562633383
0.029483429	0.170121048	0.358919296	0.500884233	0.58102481	0.604088175	0.604235874	0.577292337	0.541958201	0.493087532	0.416755344	0.348292539	0.272680414	0.209546305	0.147779732
MarriageData 2016
0.006449186	0.040336843	0.165055263	0.340306767	0.499975155	0.598550962	0.670616414	0.712108968	0.740848572	0.751071144	0.749314268	0.750333275	0.73380545	0.681657552	0.606159496
0.022603786	0.130845735	0.286952812	0.422206956	0.501076566	0.539929694	0.560774183	0.562775469	0.544668391	0.517778631	0.491937282	0.445966985	0.385313775	0.326650517	0.288336729
MarriageConstant
2.98	2.63
MarriageTrend
0.017	0.020
MarriageShape
0.50	0.66
MarriageMin
16.0	16.0
DivorceAdj
1.39
DivorceTrend
0.9893
ORremarriage
25.39	1.35