0.0000000000000000000	0.0000000000000000000	0.0000000000000000000	0.0000000000000000000
0.0023135955438027100	0.0064528507441594100	0.0000000000000000000	0.0033382648245079300
0.0038653895473579200	0.0199576850437180000	0.0008620202327399610	0.0070551592355904100
0.0051189330473647600	0.0314852438121509000	0.0047223820674915400	0.0104236326233562000
0.0070983906095643800	0.0413920507280030000	0.0081275752568500100	0.0134283087044247000
0.0109027545546464000	0.0500516918082313000	0.0111650824779644000	0.0160519237291134000
0.0175561894483518000	0.0578206907313805000	0.0139184234886303000	0.0182791014140420000
0.0278583765915767000	0.0650043841607597000	0.0164592292885836000	0.0201001278747353000
0.0422348585104747000	0.0718227970676186000	0.0188393162807935000	0.0215147265582277000
0.0599887614069731000	0.0782400193470279000	0.0210510570779301000	0.0225509329060816000
0.0792259674038245000	0.0839471434794676000	0.0230234175830106000	0.0232669818206892000
0.0970047700545034000	0.0883963892076507000	0.0246298828281059000	0.0237475327326687000
0.1099344963827940000	0.0909376022438191000	0.0257201603291676000	0.0240885698704497000
0.1158965452466030000	0.0912106880532169000	0.0262113272311528000	0.0243539905353298000
0.1165137032512590000	0.0897086690216843000	0.0262186066466838000	0.0245133187135137000
0.1154033680986620000	0.0871951151136030000	0.0259396046969237000	0.0245654588140947000
0.1147986529064270000	0.0844455348189588000	0.0255399531580576000	0.0244025565789767000
0.1137556258779760000	0.0817020933846290000	0.0250411396588458000	0.0239142516270948000
0.1128767762308210000	0.0793411831938543000	0.0245189923859778000	0.0230456271363288000
0.1120240801051020000	0.0772291091286899000	0.0239670609876915000	0.0219080243300187000
0.1104746887798420000	0.0748896502934247000	0.0232933082616117000	0.0205686978348454000
0.1081175901757930000	0.0721608032854699000	0.0225103126953471000	0.0192693386533723000
0.1056676685370500000	0.0693869136573084000	0.0217437883366830000	0.0182480955786364000
0.1033084981669950000	0.0666178340491441000	0.0210359923503402000	0.0176545361606628000
0.1010182894956730000	0.0638736582548703000	0.0203682030380705000	0.0173595395314133000
0.0985749430094020000	0.0610780186215279000	0.0196816094327400000	0.0171521638640869000
0.0959938110787541000	0.0583088405126935000	0.0189534381466293000	0.0168059068392467000
0.0935588234598970000	0.0557529008209194000	0.0182205576598911000	0.0162616918481915000
0.0913613813406056000	0.0534891546200158000	0.0174856482559069000	0.0154243678743003000
0.0893653357886682000	0.0514531944185830000	0.0167494220762337000	0.0143775609913180000
0.0874267657052696000	0.0495148707279713000	0.0160055545835290000	0.0132817166709649000
0.0855196493295641000	0.0475780770169656000	0.0152590937432174000	0.0122640059963275000
0.0837675212571790000	0.0456573614374872000	0.0145229679704937000	0.0113189644998907000
0.0821940581717648000	0.0437206830756327000	0.0138021959884034000	0.0104931068216231000
0.0807745291832462000	0.0417841677665433000	0.0130910982456739000	0.0097633217869399100
0.0794537687654032000	0.0398948227079963000	0.0123999688176840000	0.0090550530484381400
0.0782027485914542000	0.0380725845747527000	0.0117045229961591000	0.0083449740953168900
0.0770383451643157000	0.0362910932954191000	0.0109670806894281000	0.0076837388373435100
0.0759519422583247000	0.0345500636054536000	0.0101712312825362000	0.0070762436574583800
0.0749359351497434000	0.0328493114315139000	0.0093428243868531900	0.0065146355839638700
0.0739836824779288000	0.0312009844163619000	0.0085199850946250100	0.0059982046462525200
0.0730874146600702000	0.0295953656179337000	0.0077434324406391300	0.0055061759113213400
0.0722380633658732000	0.0280099196652574000	0.0070286337828265700	0.0050141444760406300
0.0714274809968094000	0.0264367044424450000	0.0063963705551447400	0.0045089571864381000
0.0706481051429855000	0.0248904944146023000	0.0058400703693806200	0.0040057990145755900
0.0699187142266186000	0.0233882475380470000	0.0053024920312159900	0.0035096463098189200
0.0692115966329409000	0.0219561651426276000	0.0048006677932656900	0.0030599972235910600
0.0684715509394750000	0.0206114533581223000	0.0044122801728967900	0.0026985401453599800
0.0676744666131719000	0.0193689421621216000	0.0041609370858259100	0.0024486719508946100
0.0668443188828050000	0.0182205816792083000	0.0040088346701470900	0.0022812987319677300
0.0660100199082628000	0.0171316938454229000	0.0039283352318731200	0.0021701963516517300
0.0652194879676150000	0.0161017201280328000	0.0038382455292015400	0.0020537108488442000
0.0645012739253833000	0.0151644956277596000	0.0036650257099319100	0.0018827650282050000
0.0638792721942723000	0.0143272957823388000	0.0033606043241369200	0.0016231531131778200
0.0633295291194846000	0.0135752014320648000	0.0029685204878099600	0.0013081950180528000
0.0628232387971052000	0.0128793135603485000	0.0025630428367915000	0.0009830966965314190
0.0623125759937606000	0.0122227626843171000	0.0022167402986147500	0.0007109482091840520
0.0617689246433104000	0.0116097531274776000	0.0019431702792172400	0.0005225057413851810
0.0611683735546698000	0.0110327704246200000	0.0017722917510614500	0.0004478570224044320
0.0605347347109835000	0.0104847161947536000	0.0016823947193094800	0.0004590705171958990
0.0598966902257380000	0.0099830442443003200	0.0016189496961144900	0.0005038665983512710
0.0593018375924774000	0.0095018004507199100	0.0015559197778719800	0.0005397288943908740
0.0587785835994341000	0.0089894458795717500	0.0015166124144090600	0.0005665818005265750
0.0583506786438405000	0.0084234495630932800	0.0014967285048412100	0.0005681709972985610
0.0579943310837355000	0.0078262544103961900	0.0014924294039566900	0.0005519166778387480
0.0576695849838322000	0.0072355944487293900	0.0015000330214725200	0.0005332883695602400
0.0573421894535467000	0.0066838068401168700	0.0015158020124249700	0.0005249146583651320
0.0569912053732697000	0.0061906360610578500	0.0015358701042619300	0.0005327952666298380
0.0566109070759334000	0.0057614349474518200	0.0015562236786160200	0.0005553540727014150
0.0562098315062284000	0.0053880641721359600	0.0015727109804180000	0.0005839126011494040
0.0558012698127644000	0.0050578870202600600	0.0015811342090313800	0.0006074249252841730
0.0554013656665028000	0.0047555683443614400	0.0015772679364792800	0.0006134246476605850
0.0550272135791888000	0.0044648735194399600	0.0015568775256713700	0.0005889718805816690
0.0546949572217840000	0.0041704673980329300	0.0015157375486307800	0.0005216002266022900
0.0544207402652496000	0.0038570148326776800	0.0014496225773806400	0.0003988432882773120
0.0541478981144207000	0.0035671213798512000	0.0013863914757208200	0.0003049768011798640
MarriageData 1996														
0.005260254	0.055916419	0.244566737	0.487724141	0.630928166	0.706457997	0.727611115	0.747098428	0.765693137	0.779037025	0.774489404	0.729975473	0.712824595	0.648366996	0.527058824
0.020743401	0.169687144	0.404459621	0.553143332	0.62177718	0.64998109	0.642467218	0.632538797	0.61351873	0.536533765	0.473649492	0.399673642	0.352445803	0.287658052	0.259558289
MarriageData 2001														
0.00858285	0.054917598	0.230148042	0.475414316	0.638459262	0.717479942	0.742377475	0.770120971	0.775569234	0.770961249	0.765801334	0.745086325	0.659830292	0.676175721	0.654385393
0.032585913	0.164690392	0.374896968	0.543531164	0.624646925	0.621377484	0.615161609	0.597461271	0.557437754	0.480285759	0.398134187	0.318075181	0.253289832	0.186603251	0.130941874
MarriageData 2007														
0.002842648	0.052148603	0.215789621	0.42988207	0.568281506	0.673245024	0.727254931	0.747719349	0.757487994	0.746941224	0.752373263	0.71027037	0.71868808	0.647538929	0.411736319
0.020260512	0.161403003	0.332981971	0.473958259	0.551026014	0.596067145	0.600754828	0.577962807	0.521855106	0.465018903	0.380880398	0.369050546	0.234806794	0.185570078	0.103356514
MarriageData 2016														
0.00752307	0.040903303	0.169593375	0.332085772	0.482574372	0.567684018	0.646465945	0.68215005	0.710483014	0.704299861	0.706985616	0.703453126	0.690358301	0.639008035	0.559777408
0.024796767	0.138094201	0.282006566	0.41114065	0.472780698	0.530182566	0.551713314	0.545909731	0.519598854	0.479851625	0.431564347	0.377062829	0.343944881	0.273398973	0.210431471
MarriageConstant	
3.029	2.851
MarriageTrend	
0.0118	0.0147
MarriageShape	
0.476	0.736
MarriageMin	
16.0	16.0
DivorceAdj	
0.78	
DivorceTrend	
0.9865	
ORremarriage	
10.28	1.23

