0.0000000000000000000	0.0000000000000000000	0.0000000000000000000	0.0000000000000000000
0.0027477196514600700	0.0076636665579511200	0.0000000000000000000	0.0033382648245079300
0.0045906929792778900	0.0237025540350673000	0.0008620202327399610	0.0070551592355904100
0.0060794519450163600	0.0373931491117343000	0.0047223820674915400	0.0104236326233562000
0.0084303358138309600	0.0491588737297744000	0.0081275752568500100	0.0134283087044247000
0.0129485523193946000	0.0594434137542702000	0.0111650824779644000	0.0160519237291134000
0.0208504407268628000	0.0686701911270440000	0.0139184234886303000	0.0182791014140420000
0.0330857348958388000	0.0772018360201382000	0.0164592292885836000	0.0201001278747353000
0.0501598263433390000	0.0852996589892954000	0.0188393162807935000	0.0215147265582277000
0.0712450795586186000	0.0929210117413579000	0.0210510570779301000	0.0225509329060816000
0.0940919635346545000	0.0996990232110081000	0.0230234175830106000	0.0232669818206892000
0.1152067887051800000	0.1049831274072890000	0.0246298828281059000	0.0237475327326687000
0.1305626546928240000	0.1080011747996820000	0.0257201603291676000	0.0240885698704497000
0.1376434250850110000	0.1083255025530900000	0.0262113272311528000	0.0243539905353298000
0.1383763868950350000	0.1065416439954160000	0.0262186066466838000	0.0245133187135137000
0.1370577079553770000	0.1035564457023350000	0.0259396046969237000	0.0245654588140947000
0.1363395237326890000	0.1002909329254380000	0.0255399531580576000	0.0244025565789767000
0.1351007826438440000	0.0970327109073628000	0.0250411396588458000	0.0239142516270948000
0.1340570252539080000	0.0942287984673078000	0.0245189923859778000	0.0230456271363288000
0.1330443288439250000	0.0917204138753092000	0.0239670609876915000	0.0219080243300187000
0.1312042090340370000	0.0889419779327528000	0.0232933082616117000	0.0205686978348454000
0.1284048233885540000	0.0857010888457772000	0.0225103126953471000	0.0192693386533723000
0.1254951973524290000	0.0824067053210955000	0.0217437883366830000	0.0182480955786364000
0.1226933511938360000	0.0791180343707251000	0.0210359923503402000	0.0176545361606628000
0.1199734067381200000	0.0758589401970763000	0.0203682030380705000	0.0173595395314133000
0.1170715896190310000	0.0725387254864663000	0.0196816094327400000	0.0171521638640869000
0.1140061329328570000	0.0692499375527158000	0.0189534381466293000	0.0168059068392467000
0.1111142431428220000	0.0662144001884403000	0.0182205576598911000	0.0162616918481915000
0.1085044719966520000	0.0635258836329850000	0.0174856482559069000	0.0154243678743003000
0.1061338875602500000	0.0611078949443171000	0.0167494220762337000	0.0143775609913180000
0.1038315633151350000	0.0588058633252423000	0.0160055545835290000	0.0132817166709649000
0.1015665947655610000	0.0565056487718344000	0.0152590937432174000	0.0122640059963275000
0.0994856965942003000	0.0542245292577797000	0.0145229679704937000	0.0113189644998907000
0.0976169881882645000	0.0519244516976896000	0.0138021959884034000	0.0104931068216231000
0.0959310981423497000	0.0496245677856587000	0.0130910982456739000	0.0097633217869399100
0.0943625096461025000	0.0473807051711821000	0.0123999688176840000	0.0090550530484381400
0.0928767474844573000	0.0452165414556332000	0.0117045229961591000	0.0083449740953168900
0.0914938548749232000	0.0431007703519752000	0.0109670806894281000	0.0076837388373435100
0.0902035988393812000	0.0410330530684994000	0.0101712312825362000	0.0070762436574583800
0.0889969477003132000	0.0390131709922586000	0.0093428243868531900	0.0065146355839638700
0.0878660139091806000	0.0370555511551624000	0.0085199850946250100	0.0059982046462525200
0.0868015699951621000	0.0351486533237707000	0.0077434324406391300	0.0055061759113213400
0.0857928460423910000	0.0332657135799743000	0.0070286337828265700	0.0050141444760406300
0.0848301656332894000	0.0313972995456903000	0.0063963705551447400	0.0045089571864381000
0.0839045473439726000	0.0295609579732973000	0.0058400703693806200	0.0040057990145755900
0.0830382931882425000	0.0277768288176581000	0.0053024920312159900	0.0035096463098189200
0.0821984917314815000	0.0260760298379296000	0.0048006677932656900	0.0030599972235910600
0.0813195835314888000	0.0244789957298149000	0.0044122801728967900	0.0026985401453599800
0.0803729339439581000	0.0230033391745646000	0.0041609370858259100	0.0024486719508946100
0.0793870169203651000	0.0216394998145204000	0.0040088346701470900	0.0022812987319677300
0.0783961697112739000	0.0203462925782157000	0.0039283352318731200	0.0021701963516517300
0.0774573020019877000	0.0191230541295850000	0.0038382455292015400	0.0020537108488442000
0.0766043219540789000	0.0180099684028561000	0.0036650257099319100	0.0018827650282050000
0.0758656075385908000	0.0170156760021709000	0.0033606043241369200	0.0016231531131778200
0.0752127104261743000	0.0161224583299915000	0.0029685204878099600	0.0013081950180528000
0.0746114195601576000	0.0152959937452679000	0.0025630428367915000	0.0009830966965314190
0.0740049357588820000	0.0145162473677788000	0.0022167402986147500	0.0007109482091840520
0.0733592734246956000	0.0137882124221841000	0.0019431702792172400	0.0005225057413851810
0.0726460346598719000	0.0131029644256443000	0.0017722917510614500	0.0004478570224044320
0.0718934995387748000	0.0124520730537692000	0.0016823947193094800	0.0004590705171958990
0.0711357320995563000	0.0118562671530623000	0.0016189496961144900	0.0005038665983512710
0.0704292610508411000	0.0112847225577651000	0.0015559197778719800	0.0005397288943908740
0.0698078234433729000	0.0106762295446150000	0.0015166124144090600	0.0005665818005265750
0.0692996262095949000	0.0100040294249321000	0.0014967285048412100	0.0005681709972985610
0.0688764134331556000	0.0092947763053806500	0.0014924294039566900	0.0005519166778387480
0.0684907318291130000	0.0085932846430415300	0.0015000330214725200	0.0005332883695602400
0.0681019036543807000	0.0079379593595545200	0.0015158020124249700	0.0005249146583651320
0.0676850607635349000	0.0073522497938630900	0.0015358701042619300	0.0005327952666298380
0.0672334031227659000	0.0068425131904006400	0.0015562236786160200	0.0005553540727014150
0.0667570695529027000	0.0063990829549974200	0.0015727109804180000	0.0005839126011494040
0.0662718451596539000	0.0060069512139493000	0.0015811342090313800	0.0006074249252841730
0.0657969028196555000	0.0056479053258315100	0.0015772679364792800	0.0006134246476605850
0.0653525446665198000	0.0053026643933124000	0.0015568775256713700	0.0005889718805816690
0.0649579435768828000	0.0049530157749672000	0.0015157375486307800	0.0005216002266022900
0.0646322724273807000	0.0045807468293711400	0.0014496225773806400	0.0003988432882773120
0.0643082340527446000	0.0042364576387671000	0.0013863914757208200	0.0003049768011798640
MarriageData 1996														
0.009180984	0.108616732	0.382558763	0.606681015	0.708330299	0.762609712	0.791747216	0.789067944	0.810972401	0.774762095	0.753776223	0.727153901	0.678751778	0.53846372	0.419250244
0.029705289	0.223385063	0.479679469	0.614976378	0.652319552	0.668530663	0.670905635	0.658731666	0.599891957	0.542685551	0.45391105	0.365055642	0.237911378	0.151236388	0.086845612
MarriageData 2001														
0.013438511	0.100126614	0.382427389	0.621021986	0.722890664	0.786060058	0.804989225	0.806468443	0.81704608	0.813534687	0.785230461	0.749614746	0.691429226	0.623736564	0.362490196
0.039878636	0.215108448	0.481989404	0.611926827	0.662769337	0.6707723	0.66771408	0.647510782	0.617535739	0.535623933	0.480749194	0.36825008	0.262799542	0.177442682	0.097666765
MarriageData 2007														
0.007516865	0.067352935	0.29578956	0.541631192	0.706696274	0.758590123	0.783150189	0.797443737	0.819734372	0.81276984	0.781701988	0.748756956	0.699371722	0.563300616	0.513655803
0.02756468	0.167762322	0.39841426	0.56140536	0.64405057	0.647398155	0.64951789	0.620371746	0.609558833	0.585379237	0.524642143	0.403473615	0.299233258	0.203969254	0.099154055
MarriageData 2016														
0.00789049	0.060724531	0.235559315	0.457164145	0.60934168	0.698482793	0.750383646	0.768274598	0.784092625	0.778276105	0.774853066	0.743563508	0.740974615	0.689862791	0.554922333
0.024160031	0.139087822	0.349653372	0.503483471	0.566352349	0.595468633	0.599759189	0.604754963	0.57552779	0.5632012	0.538156374	0.452569593	0.385071906	0.271351336	0.14899337
MarriageConstant	
2.819	2.675
MarriageTrend	
0.0134	0.0212
MarriageShape	
0.469	0.778
MarriageMin	
16.0	16.0
DivorceAdj	
0.44	
DivorceTrend	
0.9672	
ORremarriage	
7.27	1.24

