0.0000000000000000000	0.0000000000000000000	0.0000000000000000000	0.0000000000000000000
0.0034963887712524100	0.0097517800571847300	0.0000000000000000000	0.0033382648245079300
0.0058415156642656200	0.0301607712177536000	0.0008620202327399610	0.0070551592355904100
0.0077359156727029300	0.0475816325026325000	0.0047223820674915400	0.0104236326233562000
0.0107273431122069000	0.0625531553136675000	0.0081275752568500100	0.0134283087044247000
0.0164766346921341000	0.0756399162719900000	0.0111650824779644000	0.0160519237291134000
0.0265315447281272000	0.0873807067794457000	0.0139184234886303000	0.0182791014140420000
0.0421005803546861000	0.0982369625800245000	0.0164592292885836000	0.0201001278747353000
0.0638268367377398000	0.1085411933212890000	0.0188393162807935000	0.0215147265582277000
0.0906571731375043000	0.1182391303615200000	0.0210510570779301000	0.0225509329060816000
0.1197291305147680000	0.1268639415504310000	0.0230234175830106000	0.0232669818206892000
0.1465970963183230000	0.1335878016677420000	0.0246298828281059000	0.0237475327326687000
0.1661369636346720000	0.1374281741774570000	0.0257201603291676000	0.0240885698704497000
0.1751470262434620000	0.1378408712714340000	0.0262113272311528000	0.0243539905353298000
0.1760796976100490000	0.1355709661058040000	0.0262186066466838000	0.0245133187135137000
0.1744017192052810000	0.1317723930649390000	0.0259396046969237000	0.0245654588140947000
0.1734878518642070000	0.1276171284623590000	0.0255399531580576000	0.0244025565789767000
0.1719115919167170000	0.1234711411262090000	0.0250411396588458000	0.0239142516270948000
0.1705834427308480000	0.1199032487592520000	0.0245189923859778000	0.0230456271363288000
0.1692948176869240000	0.1167114064922340000	0.0239670609876915000	0.0219080243300187000
0.1669533218077380000	0.1131759321850070000	0.0232933082616117000	0.0205686978348454000
0.1633911896476870000	0.1090520004707380000	0.0225103126953471000	0.0192693386533723000
0.1596887799801490000	0.1048599987293030000	0.0217437883366830000	0.0182480955786364000
0.1561235168928190000	0.1006752660630320000	0.0210359923503402000	0.0176545361606628000
0.1526624712041360000	0.0965281689357309000	0.0203682030380705000	0.0173595395314133000
0.1489699981434220000	0.0923032978044439000	0.0196816094327400000	0.0171521638640869000
0.1450692987650830000	0.0881184162804189000	0.0189534381466293000	0.0168059068392467000
0.1413894579253500000	0.0842557883192546000	0.0182205576598911000	0.0162616918481915000
0.1380686043855220000	0.0808347336673272000	0.0174856482559069000	0.0154243678743003000
0.1350521085795040000	0.0777579174078585000	0.0167494220762337000	0.0143775609913180000
0.1321224717680760000	0.0748286529540690000	0.0160055545835290000	0.0132817166709649000
0.1292403689306330000	0.0719017006604705000	0.0152590937432174000	0.0122640059963275000
0.1265924899897820000	0.0689990462173262000	0.0145229679704937000	0.0113189644998907000
0.1242146160011500000	0.0660722682435123000	0.0138021959884034000	0.0104931068216231000
0.1220693727544560000	0.0631457366808996000	0.0130910982456739000	0.0097633217869399100
0.1200733921229970000	0.0602904904969157000	0.0123999688176840000	0.0090550530484381400
0.1181828054556250000	0.0575366587112835000	0.0117045229961591000	0.0083449740953168900
0.1164231171303420000	0.0548444050363355000	0.0109670806894281000	0.0076837388373435100
0.1147813059971310000	0.0522132983700394000	0.0101712312825362000	0.0070762436574583800
0.1132458795240500000	0.0496430605341418000	0.0093428243868531900	0.0065146355839638700
0.1118068010481060000	0.0471520494831536000	0.0085199850946250100	0.0059982046462525200
0.1104523288963980000	0.0447255806248548000	0.0077434324406391300	0.0055061759113213400
0.1091687586821340000	0.0423295976963722000	0.0070286337828265700	0.0050141444760406300
0.1079437774614700000	0.0399520982866164000	0.0063963705551447400	0.0045089571864381000
0.1067659566486690000	0.0376154100984720000	0.0058400703693806200	0.0040057990145755900
0.1056636748705640000	0.0353451606052508000	0.0053024920312159900	0.0035096463098189200
0.1045950533385460000	0.0331809461986900000	0.0048006677932656900	0.0030599972235910600
0.1034766696781950000	0.0311487694007579000	0.0044122801728967900	0.0026985401453599800
0.1022720871850740000	0.0292710418068017000	0.0041609370858259100	0.0024486719508946100
0.1010175380869360000	0.0275355981556575000	0.0040088346701470900	0.0022812987319677300
0.0997567154793409000	0.0258900317102177000	0.0039283352318731200	0.0021701963516517300
0.0985620351870136000	0.0243334983957349000	0.0038382455292015400	0.0020537108488442000
0.0974766443029670000	0.0229171310329626000	0.0036650257099319100	0.0018827650282050000
0.0965366529228048000	0.0216519245249951000	0.0033606043241369200	0.0016231531131778200
0.0957058614221424000	0.0205153325012664000	0.0029685204878099600	0.0013081950180528000
0.0949407372832658000	0.0194636817288413000	0.0025630428367915000	0.0009830966965314190
0.0941690052939416000	0.0184714784386589000	0.0022167402986147500	0.0007109482091840520
0.0933474198261264000	0.0175450763555701000	0.0019431702792172400	0.0005225057413851810
0.0924398454281247000	0.0166731193495662000	0.0017722917510614500	0.0004478570224044320
0.0914822676250256000	0.0158448800920715000	0.0016823947193094800	0.0004590705171958990
0.0905180318579973000	0.0150867354029033000	0.0016189496961144900	0.0005038665983512710
0.0896190691706540000	0.0143594624788969000	0.0015559197778719800	0.0005397288943908740
0.0888283089227403000	0.0135851738292404000	0.0015166124144090600	0.0005665818005265750
0.0881816435685006000	0.0127298198453488000	0.0014967285048412100	0.0005681709972985610
0.0876431183231734000	0.0118273170584077000	0.0014924294039566900	0.0005519166778387480
0.0871523503407351000	0.0109346904871247000	0.0015000330214725200	0.0005332883695602400
0.0866575784438431000	0.0101008092134350000	0.0015158020124249700	0.0005249146583651320
0.0861271586820761000	0.0093555118001379900	0.0015358701042619300	0.0005327952666298380
0.0855524382214949000	0.0087068876453064000	0.0015562236786160200	0.0005553540727014150
0.0849463183998620000	0.0081426363050818700	0.0015727109804180000	0.0005839126011494040
0.0843288852788405000	0.0076436607216289600	0.0015811342090313800	0.0006074249252841730
0.0837245357544339000	0.0071867858687260000	0.0015772679364792800	0.0006134246476605850
0.0831591036674258000	0.0067474773973558900	0.0015568775256713700	0.0005889718805816690
0.0826569859138196000	0.0063025602812969600	0.0015157375486307800	0.0005216002266022900
0.0822425793896187000	0.0058288594943275100	0.0014496225773806400	0.0003988432882773120
0.0818302505212312000	0.0053907620852807400	0.0013863914757208200	0.0003049768011798640
MarriageData 1996														
0.008913077	0.077573334	0.29809879	0.569993996	0.7121901	0.7726349	0.80450745	0.810514755	0.813490288	0.812004039	0.822486178	0.817837369	0.775392085	0.746595014	0.681556647
0.04242243	0.237745668	0.476298367	0.630176028	0.68204267	0.685231282	0.680660248	0.66498817	0.614648823	0.574999733	0.498583106	0.464727427	0.428380961	0.392016474	0.350002162
MarriageData 2001														
0.010786811	0.087286429	0.304833474	0.53423677	0.703557522	0.766811013	0.799314241	0.824715265	0.833852375	0.815092962	0.823362492	0.803189726	0.787626064	0.76943532	0.676481403
0.053540517	0.240688485	0.446208474	0.596100932	0.656586034	0.651451857	0.652771366	0.612520807	0.559932458	0.459066367	0.392601191	0.323073919	0.254468969	0.201117914	0.16233135
MarriageData 2007														
0.004576426	0.059008227	0.228627985	0.419652451	0.594199146	0.716869036	0.788101935	0.803201878	0.808938016	0.810105951	0.822410408	0.793651105	0.766951364	0.694402512	0.646577778
0.028264109	0.162487509	0.34484025	0.491144	0.579401354	0.62262662	0.625042996	0.606675721	0.547615178	0.483159003	0.416174773	0.319850338	0.258176621	0.205745717	0.149362073
MarriageData 2016														
0.005521317	0.041516799	0.158276849	0.332855714	0.489210091	0.602196068	0.684702305	0.735814595	0.764715284	0.791582061	0.805045858	0.788868319	0.784222206	0.729392715	0.708775188
0.026237129	0.139282615	0.279886918	0.434052704	0.521601274	0.570450275	0.602220879	0.59577472	0.584595744	0.55304001	0.517833316	0.482181625	0.407218452	0.368185865	0.315468828
MarriageConstant	
3.077	2.681
MarriageTrend	
0.0197	0.0236
MarriageShape	
0.539	0.683
MarriageMin	
16.0	16.0
DivorceAdj	
0.89	
DivorceTrend	
0.9783	
ORremarriage	
39.81	1.36

