0.0000000000000000000	0.0000000000000000000	0.0000000000000000000	0.0000000000000000000
0.0025189596426346300	0.0070256318776297400	0.0000000000000000000	0.0033382648245079300
0.0042084971588649700	0.0217292098959132000	0.0008620202327399610	0.0070551592355904100
0.0055733102504454600	0.0342800014089598000	0.0047223820674915400	0.0104236326233562000
0.0077284724726605500	0.0450661765791404000	0.0081275752568500100	0.0134283087044247000
0.0118705271499464000	0.0544944824294114000	0.0111650824779644000	0.0160519237291134000
0.0191145478375876000	0.0629530891221434000	0.0139184234886303000	0.0182791014140420000
0.0303311987834133000	0.0707744362379508000	0.0164592292885836000	0.0201001278747353000
0.0459837953894943000	0.0781980790545196000	0.0188393162807935000	0.0215147265582277000
0.0653136065206257000	0.0851849199407529000	0.0210510570779301000	0.0225509329060816000
0.0862583847351752000	0.0913986314961843000	0.0230234175830106000	0.0232669818206892000
0.1056153058233860000	0.0962428102721501000	0.0246298828281059000	0.0237475327326687000
0.1196927269605920000	0.0990095916564727000	0.0257201603291676000	0.0240885698704497000
0.1261839913977060000	0.0993069176669294000	0.0262113272311528000	0.0243539905353298000
0.1268559308432250000	0.0976715733505754000	0.0262186066466838000	0.0245133187135137000
0.1256470378512390000	0.0949349062304285000	0.0259396046969237000	0.0245654588140947000
0.1249886456925030000	0.0919412620669338000	0.0255399531580576000	0.0244025565789767000
0.1238530353660210000	0.0889543016738264000	0.0250411396588458000	0.0239142516270948000
0.1228961754692870000	0.0863838275447694000	0.0245189923859778000	0.0230456271363288000
0.1219677905863410000	0.0840842772423601000	0.0239670609876915000	0.0219080243300187000
0.1202808690198500000	0.0815371585778973000	0.0232933082616117000	0.0205686978348454000
0.1177145448093740000	0.0785660880714836000	0.0225103126953471000	0.0192693386533723000
0.1150471582161810000	0.0755459767796987000	0.0217437883366830000	0.0182480955786364000
0.1124785783413690000	0.0725311024647423000	0.0210359923503402000	0.0176545361606628000
0.1099850814846150000	0.0695433425269318000	0.0203682030380705000	0.0173595395314133000
0.1073248536810230000	0.0664995506115287000	0.0196816094327400000	0.0171521638640869000
0.1045146100396770000	0.0634845690525843000	0.0189534381466293000	0.0168059068392467000
0.1018634830703820000	0.0607017538151359000	0.0182205576598911000	0.0162616918481915000
0.0994709871000526000	0.0582370683447138000	0.0174856482559069000	0.0154243678743003000
0.0972977644710331000	0.0560203880804572000	0.0167494220762337000	0.0143775609913180000
0.0951871190656250000	0.0539100109386564000	0.0160055545835290000	0.0132817166709649000
0.0931107193262333000	0.0518012995836401000	0.0152590937432174000	0.0122640059963275000
0.0912030652788837000	0.0497100935201406000	0.0145229679704937000	0.0113189644998907000
0.0894899352454383000	0.0476015077531327000	0.0138021959884034000	0.0104931068216231000
0.0879444031219837000	0.0454930995121128000	0.0130910982456739000	0.0097633217869399100
0.0865064066670514000	0.0434360485438746000	0.0123999688176840000	0.0090550530484381400
0.0851443408821563000	0.0414520611830734000	0.0117045229961591000	0.0083449740953168900
0.0838765802968785000	0.0395124375317540000	0.0109670806894281000	0.0076837388373435100
0.0826937438745131000	0.0376168670041399000	0.0101712312825362000	0.0070762436574583800
0.0815875518652824000	0.0357651491877943000	0.0093428243868531900	0.0065146355839638700
0.0805507733945089000	0.0339705099993873000	0.0085199850946250100	0.0059982046462525200
0.0795749492197843000	0.0322223699817727000	0.0077434324406391300	0.0055061759113213400
0.0786502060691361000	0.0304961934332971000	0.0070286337828265700	0.0050141444760406300
0.0777676731302341000	0.0287833332637407000	0.0063963705551447400	0.0045089571864381000
0.0769191167230932000	0.0270998753794939000	0.0058400703693806200	0.0040057990145755900
0.0761249821186442000	0.0254642829936714000	0.0053024920312159900	0.0035096463098189200
0.0753550979071009000	0.0239050831721417000	0.0048006677932656900	0.0030599972235910600
0.0745493627644396000	0.0224410093303601000	0.0044122801728967900	0.0026985401453599800
0.0736815260091725000	0.0210882078147144000	0.0041609370858259100	0.0024486719508946100
0.0727776910083574000	0.0198379142102841000	0.0040088346701470900	0.0022812987319677300
0.0718693362821423000	0.0186523722878817000	0.0039283352318731200	0.0021701963516517300
0.0710086335287853000	0.0175309739371503000	0.0038382455292015400	0.0020537108488442000
0.0702266679030297000	0.0165105575992124000	0.0036650257099319100	0.0018827650282050000
0.0695494547823032000	0.0155990445090857000	0.0033606043241369200	0.0016231531131778200
0.0689509142885174000	0.0147801912221020000	0.0029685204878099600	0.0013081950180528000
0.0683996835892078000	0.0140225335280649000	0.0025630428367915000	0.0009830966965314190
0.0678436922898360000	0.0133077045405654000	0.0022167402986147500	0.0007109482091840520
0.0672517842464806000	0.0126402817758717000	0.0019431702792172400	0.0005225057413851810
0.0665979258140169000	0.0120120837544459000	0.0017722917510614500	0.0004478570224044320
0.0659080426235315000	0.0114153820142879000	0.0016823947193094800	0.0004590705171958990
0.0652133627289215000	0.0108691796322775000	0.0016189496961144900	0.0005038665983512710
0.0645657085697872000	0.0103452186929748000	0.0015559197778719800	0.0005397288943908740
0.0639960084357884000	0.0097873854576460900	0.0015166124144090600	0.0005665818005265750
0.0635301209054848000	0.0091711490186937000	0.0014967285048412100	0.0005681709972985610
0.0631421424945390000	0.0085209444086223700	0.0014924294039566900	0.0005519166778387480
0.0627885706172285000	0.0078778550795716600	0.0015000330214725200	0.0005332883695602400
0.0624321141353784000	0.0072770885708688100	0.0015158020124249700	0.0005249146583651320
0.0620499752884251000	0.0067401419586124300	0.0015358701042619300	0.0005327952666298380
0.0616359201759320000	0.0062728432180683200	0.0015562236786160200	0.0005553540727014150
0.0611992435163318000	0.0058663305424716200	0.0015727109804180000	0.0005839126011494040
0.0607544162343468000	0.0055068455310471900	0.0015811342090313800	0.0006074249252841730
0.0603190149784732000	0.0051776918266137500	0.0015772679364792800	0.0006134246476605850
0.0599116516384651000	0.0048611937531880000	0.0015568775256713700	0.0005889718805816690
0.0595499028628187000	0.0045406549535886600	0.0015157375486307800	0.0005216002266022900
0.0592513453000302000	0.0041993790706344700	0.0014496225773806400	0.0003988432882773120
0.0589542845762625000	0.0038837535023323700	0.0013863914757208200	0.0003049768011798640
MarriageData 1996														
0.007751495	0.104004681	0.349971953	0.549873789	0.64248942	0.719036471	0.73925095	0.741085198	0.756160489	0.716931758	0.7329814	0.666983805	0.719557959	0.511107204	0.490215959
0.027895227	0.228582897	0.458378083	0.574481784	0.666559447	0.670018198	0.676482229	0.651616237	0.590183696	0.529248875	0.432702279	0.355242294	0.274973056	0.200583327	0.147250044
MarriageData 2001														
0.01077974	0.098811994	0.362035626	0.565226472	0.680859166	0.720200669	0.76300872	0.762165196	0.792810246	0.748576417	0.750389846	0.715806881	0.702354374	0.606098881	0.548686386
0.049544692	0.217694899	0.461523922	0.575803196	0.655110432	0.668375326	0.676225253	0.619128048	0.590283671	0.485915095	0.458545046	0.327977425	0.240648437	0.171575938	0.08950896
MarriageData 2007														
0.002135726	0.020903892	0.104403606	0.275035354	0.408042739	0.543011332	0.59652648	0.655883755	0.716429674	0.672561257	0.671654623	0.702339947	0.623613413	0.591165663	0.319253711
0.002091835	0.045127604	0.184523181	0.318407121	0.459913949	0.471369773	0.511453892	0.515170048	0.49806977	0.460726889	0.393040343	0.315753378	0.2108579	0.141945533	0.053908046
MarriageData 2016														
0.00381088	0.022523093	0.104476666	0.237723481	0.406926682	0.503911114	0.593547499	0.644029238	0.704856289	0.726790772	0.744098158	0.756384889	0.732362991	0.703216356	0.604134429
0.026278104	0.146234841	0.304746259	0.453525793	0.532348543	0.551536324	0.567868176	0.579582517	0.537178642	0.499263316	0.412911752	0.365431214	0.267996879	0.195415973	0.169709522
MarriageConstant	
3.262	2.812
MarriageTrend	
0.0232	0.0239
MarriageShape	
0.606	0.739
MarriageMin	
16.0	16.0
DivorceAdj	
0.93	
DivorceTrend	
0.9910	
ORremarriage	
23.87	1.27


