0.0000000000000000000	0.0000000000000000000	0.0000000000000000000	0.0000000000000000000
0.0028595001103179500	0.0079754335040172500	0.0000000000000000000	0.0033382648245079300
0.0047774477551614700	0.0246668017394267000	0.0008620202327399610	0.0070551592355904100
0.0063267711821362300	0.0389143462846809000	0.0047223820674915400	0.0104236326233562000
0.0087732917646301400	0.0511587143829251000	0.0081275752568500100	0.0134283087044247000
0.0134753146181023000	0.0618616415607353000	0.0111650824779644000	0.0160519237291134000
0.0216986611159405000	0.0714637750612567000	0.0139184234886303000	0.0182791014140420000
0.0344317014053195000	0.0803424972773435000	0.0164592292885836000	0.0201001278747353000
0.0522003869230586000	0.0887697491846972000	0.0188393162807935000	0.0215147265582277000
0.0741434129749105000	0.0967011475075626000	0.0210510570779301000	0.0225509329060816000
0.0979197349934909000	0.1037548964352970000	0.0230234175830106000	0.0232669818206892000
0.1198935360224200000	0.1092539641892310000	0.0246298828281059000	0.0237475327326687000
0.1358740966528910000	0.1123947892901130000	0.0257201603291676000	0.0240885698704497000
0.1432429210913070000	0.1127323110770100000	0.0262113272311528000	0.0243539905353298000
0.1440057006476240000	0.1108758830605090000	0.0262186066466838000	0.0245133187135137000
0.1426333763017160000	0.1077692433988350000	0.0259396046969237000	0.0245654588140947000
0.1418859755023250000	0.1043708857312970000	0.0255399531580576000	0.0244025565789767000
0.1405968409727800000	0.1009801154192040000	0.0250411396588458000	0.0239142516270948000
0.1395106223077560000	0.0980621365317300000	0.0245189923859778000	0.0230456271363288000
0.1384567282197890000	0.0954517079118639000	0.0239670609876915000	0.0219080243300187000
0.1365417501773330000	0.0925602419356935000	0.0232933082616117000	0.0205686978348454000
0.1336284822397440000	0.0891875096786707000	0.0225103126953471000	0.0192693386533723000
0.1306004892030960000	0.0857591067674598000	0.0217437883366830000	0.0182480955786364000
0.1276846606558370000	0.0823366488247849000	0.0210359923503402000	0.0176545361606628000
0.1248540656688100000	0.0789449708768060000	0.0203682030380705000	0.0173595395314133000
0.1218341992251040000	0.0754896859367199000	0.0196816094327400000	0.0171521638640869000
0.1186440361647520000	0.0720671062516437000	0.0189534381466293000	0.0168059068392467000
0.1156345009054910000	0.0689080796663049000	0.0182205576598911000	0.0162616918481915000
0.1129185612074900000	0.0661101911033903000	0.0174856482559069000	0.0154243678743003000
0.1104515386152080000	0.0635938357982486000	0.0167494220762337000	0.0143775609913180000
0.1080555531188730000	0.0611981548323241000	0.0160055545835290000	0.0132817166709649000
0.1056984429915960000	0.0588043648524294000	0.0152590937432174000	0.0122640059963275000
0.1035328914414570000	0.0564304467204898000	0.0145229679704937000	0.0113189644998907000
0.1015881617853270000	0.0540367993069618000	0.0138021959884034000	0.0104931068216231000
0.0998336877545739000	0.0516433534193231000	0.0130910982456739000	0.0097633217869399100
0.0982012872381388000	0.0493082078413437000	0.0123999688176840000	0.0090550530484381400
0.0966550825287636000	0.0470560034069977000	0.0117045229961591000	0.0083449740953168900
0.0952159322255587000	0.0448541602527651000	0.0109670806894281000	0.0076837388373435100
0.0938731870608508000	0.0427023258044932000	0.0101712312825362000	0.0070762436574583800
0.0926174479378851000	0.0406002725558037000	0.0093428243868531900	0.0065146355839638700
0.0914405064333951000	0.0385630144471888000	0.0085199850946250100	0.0059982046462525200
0.0903327596922216000	0.0365785417749742000	0.0077434324406391300	0.0055061759113213400
0.0892829996656860000	0.0346190018334642000	0.0070286337828265700	0.0050141444760406300
0.0882811562881914000	0.0326745785243703000	0.0063963705551447400	0.0045089571864381000
0.0873178827609933000	0.0307635324225421000	0.0058400703693806200	0.0040057990145755900
0.0864163883699780000	0.0289068227998334000	0.0053024920312159900	0.0035096463098189200
0.0855424228047585000	0.0271368333223487000	0.0048006677932656900	0.0030599972235910600
0.0846277595881152000	0.0254748299931849000	0.0044122801728967900	0.0026985401453599800
0.0836425991848192000	0.0239391419981278000	0.0041609370858259100	0.0024486719508946100
0.0826165739000961000	0.0225198200529541000	0.0040088346701470900	0.0022812987319677300
0.0815854178641450000	0.0211740036291743000	0.0039283352318731200	0.0021701963516517300
0.0806083559150298000	0.0199010024054338000	0.0038382455292015400	0.0020537108488442000
0.0797206756381142000	0.0187426350455456000	0.0036650257099319100	0.0018827650282050000
0.0789519094535950000	0.0177078936635648000	0.0033606043241369200	0.0016231531131778200
0.0782724517207112000	0.0167783388486194000	0.0029685204878099600	0.0013081950180528000
0.0776466996368717000	0.0159182527150375000	0.0025630428367915000	0.0009830966965314190
0.0770155433630749000	0.0151067853401671000	0.0022167402986147500	0.0007109482091840520
0.0763436147276870000	0.0143491330789050000	0.0019431702792172400	0.0005225057413851810
0.0756013605731875000	0.0136360083899798000	0.0017722917510614500	0.0004478570224044320
0.0748182114405414000	0.0129586379935157000	0.0016823947193094800	0.0004590705171958990
0.0740296171329346000	0.0123385940098094000	0.0016189496961144900	0.0005038665983512710
0.0732944060131743000	0.0117437983098785000	0.0015559197778719800	0.0005397288943908740
0.0726476875948062000	0.0111105510871111000	0.0015166124144090600	0.0005665818005265750
0.0721188163013760000	0.0104110050779805000	0.0014967285048412100	0.0005681709972985610
0.0716783867327068000	0.0096728987094784400	0.0014924294039566900	0.0005519166778387480
0.0712770151485566000	0.0089428695433734000	0.0015000330214725200	0.0005332883695602400
0.0708723689875296000	0.0082608848585714100	0.0015158020124249700	0.0005249146583651320
0.0704385684388726000	0.0076513479406333000	0.0015358701042619300	0.0005327952666298380
0.0699685368354233000	0.0071208746541539300	0.0015562236786160200	0.0005553540727014150
0.0694728254571362000	0.0066594051565725300	0.0015727109804180000	0.0005839126011494040
0.0689678615663380000	0.0062513210362764800	0.0015811342090313800	0.0006074249252841730
0.0684735980147787000	0.0058776687402220100	0.0015772679364792800	0.0006134246476605850
0.0680111628506828000	0.0055183830015550100	0.0015568775256713700	0.0005889718805816690
0.0676005089258004000	0.0051545102672317100	0.0015157375486307800	0.0005216002266022900
0.0672615890918815000	0.0047670969842083700	0.0014496225773806400	0.0003988432882773120
0.0669243684560256000	0.0044088017054340700	0.0013863914757208200	0.0003049768011798640
MarriageData 1996														
0.010125675	0.10064561	0.344346577	0.583168193	0.702629585	0.770560483	0.791802656	0.80265917	0.810338088	0.787968999	0.784935565	0.750185046	0.680308986	0.646840857	0.453178726
0.043240387	0.270349489	0.498737877	0.603456738	0.630969311	0.633544183	0.630728632	0.617971315	0.580605612	0.524595875	0.45917165	0.38361234	0.263866844	0.180739006	0.134623823
MarriageData 2001														
0.013569048	0.0929673	0.339464879	0.590040971	0.721868496	0.77657588	0.81345803	0.817205757	0.824919681	0.806993473	0.790705816	0.751701554	0.72908619	0.621901976	0.487551137
0.054936085	0.266694176	0.49594307	0.609084817	0.634426748	0.630909957	0.610529796	0.588175474	0.556316688	0.498131249	0.429962882	0.336510387	0.282861704	0.171058348	0.111347258
MarriageData 2007														
0.007989447	0.069595945	0.270846202	0.515874347	0.669389525	0.735663892	0.783604879	0.803717103	0.809460014	0.792197735	0.782020674	0.766230647	0.703320592	0.643316676	0.489221256
0.037411625	0.222854043	0.436003105	0.557862451	0.613117052	0.614707948	0.588179207	0.558218132	0.542040752	0.519154153	0.427831572	0.377144599	0.310502679	0.200984781	0.162179147
MarriageData 2016														
0.00924579	0.050443302	0.203520408	0.401311862	0.549420475	0.638697687	0.692597764	0.727138323	0.741099726	0.750072473	0.737768139	0.760125883	0.735271902	0.67976145	0.590775105
0.02613953	0.174301551	0.359452792	0.493091459	0.544495947	0.557277314	0.559526215	0.549420456	0.532481589	0.495483074	0.480442947	0.445144608	0.360688963	0.288365152	0.22882267
MarriageConstant	
2.888	2.490
MarriageTrend	
0.0164	0.0193
MarriageShape	
0.452	0.746
MarriageMin	
16.0	16.0
DivorceAdj	
1.16	
DivorceTrend	
0.9834	
ORremarriage	
12.48	1.37

