0.0000000000000000000	0.0000000000000000000	0.0000000000000000000	0.0000000000000000000
0.0034391987690460500	0.0095922713871043800	0.0000000000000000000	0.0033382648245079300
0.0057459667091623900	0.0296674351829650000	0.0008620202327399610	0.0070551592355904100
0.0076093802490602100	0.0468033455769389000	0.0047223820674915400	0.0104236326233562000
0.0105518772769142000	0.0615299810260090000	0.0081275752568500100	0.0134283087044247000
0.0162071283997721000	0.0744026834407752000	0.0111650824779644000	0.0160519237291134000
0.0260975715058084000	0.0859514312782206000	0.0139184234886303000	0.0182791014140420000
0.0414119463265798000	0.0966301126344777000	0.0164592292885836000	0.0201001278747353000
0.0627828289992786000	0.1067657983375950000	0.0188393162807935000	0.0215147265582277000
0.0891743048780060000	0.1163051074113680000	0.0210510570779301000	0.0225509329060816000
0.1177707358148990000	0.1247888436217250000	0.0230234175830106000	0.0232669818206892000
0.1441992255978740000	0.1314027223839570000	0.0246298828281059000	0.0237475327326687000
0.1634194817016140000	0.1351802783916550000	0.0257201603291676000	0.0240885698704497000
0.1722821678216360000	0.1355862250498940000	0.0262113272311528000	0.0243539905353298000
0.1731995835970970000	0.1333534484445940000	0.0262186066466838000	0.0245133187135137000
0.1715490516792460000	0.1296170081969630000	0.0259396046969237000	0.0245654588140947000
0.1706501323541600000	0.1255297107477330000	0.0255399531580576000	0.0244025565789767000
0.1690996550972610000	0.1214515388178250000	0.0250411396588458000	0.0239142516270948000
0.1677932302846920000	0.1179420060286170000	0.0245189923859778000	0.0230456271363288000
0.1665256831225280000	0.1148023723339960000	0.0239670609876915000	0.0219080243300187000
0.1642224868041920000	0.1113247273462930000	0.0232933082616117000	0.0205686978348454000
0.1607186200028920000	0.1072682502771650000	0.0225103126953471000	0.0192693386533723000
0.1570767701960870000	0.1031448165939540000	0.0217437883366830000	0.0182480955786364000
0.1535698236797020000	0.0990285330865367000	0.0210359923503402000	0.0176545361606628000
0.1501653898907590000	0.0949492695181948000	0.0203682030380705000	0.0173595395314133000
0.1465333141589200000	0.0907935040857095000	0.0196816094327400000	0.0171521638640869000
0.1426964180417880000	0.0866770741553860000	0.0189534381466293000	0.0168059068392467000
0.1390767679072400000	0.0828776267259285000	0.0182205576598911000	0.0162616918481915000
0.1358102331613720000	0.0795125298452594000	0.0174856482559069000	0.0154243678743003000
0.1328430778072000000	0.0764860406918936000	0.0167494220762337000	0.0143775609913180000
0.1299613607056990000	0.0736046898574225000	0.0160055545835290000	0.0132817166709649000
0.1271264000708010000	0.0707256133634219000	0.0152590937432174000	0.0122640059963275000
0.1245218321609530000	0.0678704372829164000	0.0145229679704937000	0.0113189644998907000
0.1221828527654440000	0.0649915322573731000	0.0138021959884034000	0.0104931068216231000
0.1200726989993650000	0.0621128696125132000	0.0130910982456739000	0.0097633217869399100
0.1181093663782340000	0.0593043263400888000	0.0123999688176840000	0.0090550530484381400
0.1162497038050490000	0.0565955386431436000	0.0117045229961591000	0.0083449740953168900
0.1145187984858310000	0.0539473218312802000	0.0109670806894281000	0.0076837388373435100
0.1129038422559140000	0.0513592518539496000	0.0101712312825362000	0.0070762436574583800
0.1113935305652930000	0.0488310550830257000	0.0093428243868531900	0.0065146355839638700
0.1099779909194380000	0.0463807891942099000	0.0085199850946250100	0.0059982046462525200
0.1086456737025540000	0.0439940097893553000	0.0077434324406391300	0.0055061759113213400
0.1073830986888210000	0.0416372176597029000	0.0070286337828265700	0.0050141444760406300
0.1061781543357070000	0.0392986067161290000	0.0063963705551447400	0.0045089571864381000
0.1050195989934490000	0.0370001394500211000	0.0058400703693806200	0.0040057990145755900
0.1039353471031640000	0.0347670241492541000	0.0053024920312159900	0.0035096463098189200
0.1028842048824500000	0.0326382095322430000	0.0048006677932656900	0.0030599972235910600
0.1017841144864330000	0.0306392728008942000	0.0044122801728967900	0.0026985401453599800
0.1005992352013780000	0.0287922589668391000	0.0041609370858259100	0.0024486719508946100
0.0993652066089338000	0.0270852017545984000	0.0040088346701470900	0.0022812987319677300
0.0981250071220580000	0.0254665516376342000	0.0039283352318731200	0.0021701963516517300
0.0969498680687131000	0.0239354783476262000	0.0038382455292015400	0.0020537108488442000
0.0958822307902047000	0.0225422783320516000	0.0036650257099319100	0.0018827650282050000
0.0949576147337329000	0.0212977666517238000	0.0033606043241369200	0.0016231531131778200
0.0941404123877281000	0.0201797657242940000	0.0029685204878099600	0.0013081950180528000
0.0933878032905284000	0.0191453166745406000	0.0025630428367915000	0.0009830966965314190
0.0926286944266801000	0.0181693427318556000	0.0022167402986147500	0.0007109482091840520
0.0918205475315726000	0.0172580936939920000	0.0019431702792172400	0.0005225057413851810
0.0909278182166609000	0.0164003991817666000	0.0017722917510614500	0.0004478570224044320
0.0899859033962148000	0.0155857073322012000	0.0016823947193094800	0.0004590705171958990
0.0890374395153386000	0.0148399635227071000	0.0016189496961144900	0.0005038665983512710
0.0881531810503905000	0.0141245865126994000	0.0015559197778719800	0.0005397288943908740
0.0873753551708442000	0.0133629628074982000	0.0015166124144090600	0.0005665818005265750
0.0867392672424731000	0.0125215997437892000	0.0014967285048412100	0.0005681709972985610
0.0862095505885192000	0.0116338590842182000	0.0014924294039566900	0.0005519166778387480
0.0857268100377640000	0.0107558330962573000	0.0015000330214725200	0.0005332883695602400
0.0852401310640925000	0.0099355915162636100	0.0015158020124249700	0.0005249146583651320
0.0847183873132986000	0.0092024848413253300	0.0015358701042619300	0.0005327952666298380
0.0841530674847864000	0.0085644701522233200	0.0015562236786160200	0.0005553540727014150
0.0835568618907193000	0.0080094482019504200	0.0015727109804180000	0.0005839126011494040
0.0829495280475138000	0.0075186343009034300	0.0015811342090313800	0.0006074249252841730
0.0823550637941384000	0.0070692324939215600	0.0015772679364792800	0.0006134246476605850
0.0817988804104122000	0.0066371097373247900	0.0015568775256713700	0.0005889718805816690
0.0813049757353036000	0.0061994700759523200	0.0015157375486307800	0.0005216002266022900
0.0808973476077811000	0.0057335175546433400	0.0014496225773806400	0.0003988432882773120
0.0804917631521107000	0.0053025860511720600	0.0013863914757208200	0.0003049768011798640
MarriageData 1996														
0.008392708	0.115949489	0.432106393	0.669874816	0.76512322	0.806203436	0.808031163	0.814093375	0.814613191	0.783155707	0.791095538	0.73989409	0.712930672	0.613533873	0.572224231
0.039982637	0.276104646	0.536017824	0.645018424	0.680028136	0.679326822	0.664417354	0.646771462	0.594091431	0.52464266	0.451590587	0.367918976	0.287456491	0.195489908	0.166254781
MarriageData 2001														
0.014049561	0.10411478	0.361979458	0.613282163	0.726663737	0.770505799	0.783152979	0.813061132	0.801531043	0.802810274	0.780688123	0.762317832	0.714741089	0.655237781	0.491651461
0.04143123	0.203985686	0.421793921	0.563146278	0.622917457	0.632923116	0.627250445	0.60391841	0.565772229	0.489628231	0.421877238	0.346938822	0.280834578	0.217565902	0.154288414
MarriageData 2007														
0.002718686	0.089836022	0.319225673	0.528749172	0.665992735	0.736850917	0.758841896	0.806729849	0.763200814	0.800332492	0.783133395	0.704584214	0.638302883	0.549415367	0.450221881
0.034372002	0.223738013	0.423521077	0.545987373	0.596899233	0.619665938	0.599791323	0.57442137	0.510124566	0.455152218	0.374410354	0.324769645	0.201159304	0.148745357	0.072159
MarriageData 2016														
0.005750657	0.058833876	0.238704833	0.458349923	0.595947923	0.697029128	0.750375997	0.773898311	0.799053698	0.806684529	0.783360363	0.735556821	0.713900351	0.632818165	0.549703073
0.026644114	0.170202316	0.37747166	0.503695064	0.570741741	0.609623514	0.617149577	0.615256028	0.584847499	0.519885753	0.495552421	0.440009775	0.358628722	0.276539284	0.172007454
MarriageConstant	
2.802	2.515
MarriageTrend	
0.0153	0.0177
MarriageShape	
0.449	0.681
MarriageMin	
16.0	16.0
DivorceAdj	
0.73	
DivorceTrend	
0.9751	
ORremarriage	
11.74	1.29


