Male deaths
3654.26	4352.37	5100.42	5320.01	5812.67	6435.71	7229.72	7502.19	7595.33	8135.72	8044.68	7810.35	7190.89	6217.53	5346.73	5326.80	5080.95	5402.87	5194.98	4547.48
745.20	928.85	949.38	1007.33	1096.67	1322.24	1365.34	1584.06	1477.13	1613.79	1500.22	1536.33	1336.16	1229.66	982.49	901.61	864.64	885.80	838.37	764.69
334.78	326.77	335.81	365.06	374.42	438.98	515.51	507.36	583.68	517.27	480.26	457.50	415.99	380.12	332.18	336.20	311.65	290.61	341.49	299.59
289.06	336.24	270.14	287.09	269.58	310.05	313.33	369.36	330.60	344.45	362.28	307.01	385.71	324.08	283.21	292.12	295.98	305.89	299.78	280.08
850.14	877.05	835.49	796.16	786.78	760.40	792.51	767.36	801.15	767.13	819.96	857.04	813.43	670.87	618.46	628.36	645.52	646.42	692.09	695.76
2223.88	2211.74	2013.99	1965.08	1945.31	2059.09	2190.83	2099.79	2011.09	2085.97	2132.95	2120.93	1981.51	1705.37	1575.92	1513.15	1620.50	1681.89	1813.53	1724.55
2894.73	3359.73	3358.84	3530.70	3846.28	4287.12	4325.27	4158.82	3879.27	3800.51	3755.87	3765.58	3525.62	3085.59	2919.56	2901.38	2775.04	2768.14	2898.16	2948.22
2952.35	3484.37	3800.74	4152.93	4667.60	5230.38	5960.47	5892.50	5952.27	5767.15	5896.09	5650.83	5123.41	4342.30	3983.13	3810.64	3701.78	3870.85	3709.46	3747.24
2936.46	3427.74	3654.74	3985.85	4515.74	5069.01	5611.84	6185.42	6220.94	6205.95	6219.21	6191.56	5858.49	5150.60	4755.44	4602.68	4290.40	3969.35	4040.74	3913.24
2899.53	3275.93	3285.33	3627.88	3991.77	4533.96	5065.40	5611.29	5613.81	5791.19	5823.22	5638.74	5428.64	4990.30	4512.66	4420.42	4288.33	4204.31	4168.81	4030.13
2845.58	3243.36	3230.61	3482.95	3732.77	4085.38	4512.42	4830.08	5082.95	5205.56	5120.56	5210.87	5085.11	4724.06	4491.06	4226.65	4209.52	4001.21	3951.19	3910.36
2619.03	2900.09	3039.55	3175.14	3423.90	3776.55	4221.91	4160.38	4316.55	4640.88	4693.13	4865.37	4855.86	4549.11	4525.46	4297.98	4236.57	4250.57	4170.60	4085.81
2795.56	3008.18	2855.64	2850.04	2970.25	3097.57	3513.85	3666.65	4040.29	4196.94	4381.65	4381.36	4424.09	4408.42	4277.88	4428.68	4260.48	4256.17	4462.00	4210.52
2404.73	2623.84	2631.46	2793.25	2948.09	3040.40	3411.14	3201.99	3335.77	3545.58	3494.47	3732.67	4031.09	4136.99	4122.30	4197.46	4291.10	4306.87	4394.67	4476.60
2500.68	2708.28	2516.23	2497.39	2449.07	2659.77	2787.54	2919.72	2970.60	3321.54	3323.30	3498.08	3497.61	3375.12	3427.69	3415.20	3516.84	3859.55	4126.12	4072.44
2400.82	2578.92	2420.28	2477.75	2470.01	2505.01	2636.99	2429.88	2408.74	2679.69	2725.58	2809.21	3037.78	2980.19	3131.13	3155.24	3164.87	3365.61	3366.33	3455.81
2364.50	2320.68	2162.58	1988.08	2160.70	2170.63	2314.02	2276.76	2346.56	2445.34	2385.42	2470.55	2464.73	2295.68	2427.99	2447.21	2575.22	2680.29	2840.80	2918.24
1447.34	1646.88	1477.02	1670.38	1791.18	1820.02	1874.55	1757.48	1670.72	1933.49	1845.52	1825.99	1968.41	1866.13	2009.99	2075.49	1986.26	2051.88	2003.58	2084.36
808.90	956.93	921.34	933.53	877.80	887.23	1090.02	1022.13	1096.24	1330.84	1277.51	1219.00	1294.45	1208.36	1261.99	1205.51	1291.90	1411.19	1362.94	1411.36
402.01	443.54	420.71	483.24	585.62	666.00	626.17	611.94	640.56	692.37	697.65	768.65	974.84	769.07	782.02	827.47	835.21	887.66	797.54	826.02
Female deaths
3164.93	3766.81	4375.52	4666.96	4901.75	5654.50	6242.80	6434.10	6738.80	6824.43	6704.42	6700.61	5924.31	5061.57	4597.91	4567.25	4491.29	4415.17	4209.03	3690.39
652.76	828.74	870.05	892.26	1031.03	1086.64	1224.28	1395.81	1273.12	1364.58	1284.75	1321.35	1130.27	1057.13	830.97	749.14	760.08	722.24	693.03	655.86
235.25	279.39	289.47	240.74	293.68	347.24	371.67	491.19	443.01	427.40	362.90	388.48	356.57	268.01	253.22	289.12	256.79	266.10	256.27	259.80
231.14	233.52	214.19	214.02	222.70	249.95	290.06	293.46	290.97	304.36	296.38	263.33	344.63	284.57	241.68	255.40	244.29	234.85	253.60	233.21
488.19	574.81	552.14	628.63	656.89	698.31	729.05	749.07	724.01	713.94	713.86	676.61	679.51	602.71	521.00	516.27	483.42	567.54	512.51	484.33
1114.55	1311.77	1561.64	1765.64	1886.10	2220.20	2562.91	2571.07	2410.97	2413.74	2230.47	2138.69	1915.87	1693.26	1458.34	1357.73	1266.12	1185.94	1106.75	982.82
1492.42	1933.26	2303.41	2800.34	3423.06	4002.66	4535.55	4846.56	4511.93	4472.94	4084.68	4227.04	3846.10	3174.17	2821.32	2556.64	2341.80	2139.71	1878.95	1823.56
1556.71	1964.87	2415.50	2924.24	3341.97	4183.06	5016.12	5493.31	5438.93	5433.54	5200.47	5089.04	4536.77	3932.84	3419.70	3180.27	3059.11	2854.57	2646.00	2404.13
1504.57	1911.02	2226.25	2610.60	2937.56	3580.87	4069.61	4766.10	4678.84	4717.53	4686.82	4668.56	4411.62	3884.96	3409.42	3276.70	3072.20	2858.79	2778.05	2629.01
1456.18	1830.61	1939.14	2311.54	2528.19	3015.17	3576.19	3915.91	3980.74	4042.70	4045.58	3998.73	3881.49	3514.95	3160.63	3017.75	2890.56	2800.37	2821.26	2657.56
1456.22	1713.34	1879.08	1999.93	2268.84	2563.03	2929.67	3256.91	3357.47	3563.31	3567.15	3503.58	3486.89	3345.33	3038.38	2927.46	2849.60	2771.95	2660.48	2561.78
1489.47	1639.58	1664.40	1855.82	2026.15	2214.45	2575.72	2826.03	3009.97	3170.18	3211.61	3154.51	3239.09	3137.19	3006.12	2956.23	2944.12	2875.62	2810.45	2746.20
1661.39	1914.29	1791.71	1977.13	1918.92	2066.56	2367.81	2488.83	2641.77	2764.77	2954.65	3032.78	3090.56	2932.12	3102.96	2870.47	3115.04	3001.36	3053.32	3113.41
1980.31	2104.05	1966.27	2166.40	2221.04	2349.57	2460.12	2592.32	2537.23	2689.40	2673.33	2777.03	2895.44	2956.07	3103.11	2987.74	3093.58	3245.59	3298.71	3299.51
2164.65	2423.57	2274.52	2219.36	2354.78	2480.37	2477.23	2551.30	2790.31	2870.78	3025.35	2977.10	3059.48	2840.60	2967.63	2864.47	2962.22	3264.74	3300.84	3507.50
2165.86	2456.37	2279.78	2670.02	2592.80	2681.02	2881.22	2736.07	2588.93	2899.09	2962.88	2861.57	3115.19	3164.57	3227.87	3248.14	3395.06	3410.47	3276.73	3333.74
2494.35	2446.61	2272.49	2394.81	2384.67	2484.47	2652.96	2695.88	2849.87	3007.63	3035.94	3010.31	3182.34	2907.13	3139.09	3201.12	3239.46	3424.91	3505.14	3589.74
1975.61	2324.85	2268.89	2390.18	2520.63	2624.48	2497.63	2380.12	2403.15	2635.91	2601.37	2731.41	2953.76	2983.86	3087.98	3011.84	3097.22	3228.36	3154.89	3145.09
1571.49	1698.14	1738.17	1736.54	1837.56	1725.63	2004.56	1818.94	1954.99	2280.65	2219.88	2149.68	2231.68	2029.39	2262.70	2200.99	2436.57	2557.89	2685.50	2698.13
1009.39	1103.92	1087.07	1198.00	1365.45	1446.29	1479.02	1482.84	1427.73	1695.74	1642.94	1683.97	2002.63	1760.00	1962.67	1887.01	1919.70	2147.71	2122.32	2171.72
SElogNonHIVmort
0.1334
AdjustedCompleteness
1.2578	1.2564	1.2305	1.2187	1.1924	1.1798	1.1465	1.1061	1.0755	1.0839	1.0154	1.0165	0.9955	0.9665	0.9740	0.9801	0.9845	0.9828	0.9652	0.9714
1.2312	1.2043	1.1778	1.1701	1.1294	1.1279	1.1009	1.1163	1.0581	1.0697	1.0304	1.0117	1.0221	0.9847	0.9994	0.9948	1.0157	1.0174	0.9910	1.0000
