Male deaths
1360.76	1689.74	1885.03	1962.02	2235.53	2263.20	2448.35	2694.69	2966.59	3132.71	3121.87	3191.96	2685.91	2513.96	2186.60	2052.42	2150.23	2016.23	1903.71	1706.37
396.48	459.53	466.57	525.68	519.47	642.41	779.50	790.10	778.07	891.43	742.25	855.28	624.39	682.59	502.79	421.38	490.94	503.07	394.38	384.45
129.46	124.13	129.91	128.61	146.68	157.04	204.61	182.45	220.17	209.34	192.41	182.08	151.36	138.19	173.65	122.82	137.88	133.14	121.57	143.32
128.45	118.20	121.76	123.09	113.85	115.60	122.48	124.01	131.20	142.18	97.21	136.81	130.69	152.74	134.85	128.40	110.60	106.43	133.18	149.33
224.89	221.27	241.27	243.91	260.06	307.45	296.00	251.45	269.66	257.66	254.54	281.18	219.15	246.12	242.57	259.84	216.18	217.39	244.69	238.11
423.17	461.06	533.66	525.82	535.29	605.45	684.13	599.57	653.93	572.16	631.61	598.37	555.92	549.95	485.74	568.39	493.67	503.18	461.75	461.21
661.90	802.55	898.01	1000.36	1212.78	1293.75	1467.62	1367.24	1262.70	1141.98	1122.81	1146.21	1115.47	1061.60	938.28	969.48	880.78	792.24	804.03	832.51
864.77	1016.90	1149.06	1357.06	1665.13	1822.60	2094.59	2099.87	2010.34	2024.44	1891.49	1808.68	1707.50	1524.89	1380.30	1329.27	1277.19	1158.06	1148.20	1168.36
885.31	1109.77	1255.30	1521.17	1656.65	1932.61	2201.90	2226.41	2236.53	2046.14	2062.48	2177.03	1906.66	1856.17	1708.71	1599.88	1452.96	1434.25	1338.03	1338.89
870.38	998.19	1202.80	1420.58	1639.67	1815.58	2105.80	2157.98	2074.34	1983.41	1869.68	1986.93	1798.30	1787.54	1704.12	1636.74	1563.29	1479.71	1470.51	1438.89
852.20	994.62	1098.13	1262.36	1457.18	1586.13	1850.73	1869.44	1934.42	1858.51	1900.27	1895.65	1826.37	1739.61	1649.59	1503.33	1442.97	1431.43	1402.32	1452.60
810.87	904.16	1000.69	1054.76	1210.60	1383.40	1490.17	1618.41	1588.34	1542.64	1711.66	1702.70	1759.94	1698.43	1722.47	1589.60	1538.19	1475.89	1514.93	1487.02
862.00	920.52	963.61	973.41	1055.34	1172.86	1259.93	1292.94	1340.14	1320.63	1482.17	1465.89	1537.69	1534.65	1521.39	1500.65	1587.11	1630.53	1655.97	1722.45
793.13	899.21	905.43	986.94	1061.26	1152.07	1276.79	1205.82	1222.92	1183.46	1227.20	1289.64	1394.71	1446.37	1536.29	1417.11	1494.11	1575.12	1613.53	1637.93
860.90	941.20	864.29	901.55	971.57	993.97	1117.17	1094.06	1113.68	1202.05	1296.77	1342.96	1290.78	1361.17	1381.71	1312.51	1278.08	1454.55	1471.43	1447.19
876.22	978.69	975.88	917.25	1011.10	949.88	1052.84	980.08	945.20	897.62	1028.25	999.93	1103.80	1121.43	1233.78	1152.27	1232.33	1268.65	1236.82	1192.63
813.94	884.90	735.68	744.10	826.29	837.20	903.48	853.43	844.55	829.02	892.91	860.58	925.84	916.92	925.32	948.84	883.28	971.40	951.89	1074.85
551.44	562.60	613.15	580.32	677.18	641.77	684.83	596.31	622.49	653.81	668.43	717.25	744.35	818.97	773.31	734.93	693.79	747.84	693.05	684.90
316.80	370.65	339.88	401.29	353.11	319.37	443.56	402.41	394.92	430.53	454.97	433.57	404.12	447.17	464.29	432.90	476.96	474.59	500.70	507.47
210.61	253.84	238.50	225.21	277.09	295.26	290.28	270.52	283.68	286.65	315.68	341.66	421.21	335.63	340.14	328.20	289.85	323.30	367.00	339.02
Female deaths
1180.45	1437.93	1736.47	1713.94	1873.06	2129.03	2272.02	2372.07	2589.01	2567.37	2779.38	2744.39	2275.05	2116.01	1892.43	1771.67	1770.75	1711.17	1620.85	1567.78
356.32	393.93	444.84	513.65	509.16	570.98	656.22	731.05	676.33	798.05	675.97	689.65	556.59	608.52	425.56	404.12	429.52	491.32	330.80	353.49
78.07	92.29	107.51	108.17	122.01	148.81	156.61	187.73	181.34	176.00	165.15	170.21	114.58	125.64	138.83	104.43	107.07	85.46	88.09	113.03
77.05	88.11	86.48	85.61	97.69	72.94	107.92	104.39	101.68	104.05	119.11	103.13	105.13	112.15	94.26	107.90	89.16	91.07	105.55	91.02
206.44	225.61	271.76	264.70	319.41	351.35	335.71	370.98	332.45	317.81	292.27	266.82	260.33	284.45	222.58	214.79	198.36	201.64	199.66	169.46
445.59	567.03	699.60	839.27	938.40	1083.01	1155.26	1169.66	1111.90	1057.04	917.59	847.24	786.99	733.68	601.99	531.61	504.95	427.16	406.83	417.91
610.74	807.07	1093.72	1322.79	1615.38	1939.92	2168.20	2151.89	1988.17	1771.27	1671.14	1592.58	1448.21	1278.23	1124.76	983.08	894.66	766.52	715.46	718.50
598.13	807.42	1034.91	1338.58	1618.28	2015.95	2410.89	2436.28	2335.00	2144.07	2039.45	1875.39	1649.55	1537.53	1317.05	1198.60	1100.79	981.34	980.17	988.46
518.59	727.98	917.68	1132.64	1339.08	1687.53	1902.95	1986.10	1996.10	1875.27	1810.62	1695.00	1581.35	1548.86	1400.95	1194.79	1145.07	1031.30	1058.31	911.28
490.80	588.85	756.95	932.35	1111.47	1342.38	1527.59	1642.70	1626.62	1520.75	1477.70	1439.65	1346.83	1317.86	1165.86	1158.03	1068.21	1001.00	943.33	1033.54
454.05	555.06	626.23	685.37	849.85	1041.39	1088.74	1229.35	1286.05	1205.35	1265.97	1238.14	1252.79	1211.42	1112.89	1075.20	1024.78	903.01	956.21	964.84
418.07	522.08	552.66	640.01	703.39	801.91	956.08	1010.52	1060.92	1131.80	1129.05	1083.75	1092.67	1140.31	1077.37	1112.66	1027.09	1017.82	972.14	1096.52
526.64	562.30	586.70	552.83	695.21	750.65	770.78	847.74	848.40	858.40	952.88	979.03	988.63	989.09	1012.01	1010.59	1011.41	1103.86	1069.86	1102.62
548.71	641.08	610.65	690.68	758.46	794.48	889.61	883.28	838.03	892.42	923.29	957.20	940.79	1002.96	994.15	932.25	1036.95	1071.03	1102.14	1174.97
623.35	642.63	667.85	652.63	711.79	793.07	864.96	807.85	861.79	935.88	965.90	954.19	992.24	1021.77	1039.88	992.39	1037.79	1107.14	1129.61	1153.29
703.65	750.62	771.53	790.31	819.62	783.99	884.92	807.91	825.36	873.90	932.82	948.19	952.19	1015.34	1019.83	974.48	1074.36	1056.26	1102.09	1189.30
768.97	748.21	694.81	684.52	816.92	830.43	925.40	914.92	913.73	903.42	917.85	932.69	963.23	997.84	966.19	1029.77	1052.47	1009.28	1158.75	1129.80
580.80	769.66	778.04	787.88	875.76	858.29	842.08	717.21	736.29	817.38	851.79	973.22	949.75	1030.36	983.29	1016.20	984.80	1050.97	1001.22	1042.87
522.43	555.19	561.39	563.66	577.22	617.10	771.28	660.32	690.64	776.36	793.74	729.91	638.80	717.94	812.89	810.35	852.20	917.02	883.56	938.88
441.44	519.20	465.59	522.92	570.02	643.18	681.02	587.87	675.31	678.02	724.67	726.27	877.10	737.97	839.33	760.14	798.19	809.62	910.66	888.95
SElogNonHIVmort
0.1820
AdjustedCompleteness
0.9394	0.9358	0.8932	0.8721	0.8866	0.8326	0.8590	0.8325	0.8188	0.7939	0.9097	0.9821	0.9740	1.0058	1.0017	0.9651	0.9806	1.0246	1.0122	1.0243
1.0850	1.0644	1.0295	0.9651	0.9639	0.9299	0.9439	0.8952	0.8687	0.8743	0.9647	1.0417	0.9991	1.0360	0.9998	0.9943	1.0399	1.0256	1.0459	1.0776
