Male deaths
1138.55	1409.62	1816.83	1817.97	1847.72	2040.96	2016.43	2303.80	2109.70	2124.21	2136.21	2272.08	2275.25	2168.15	1832.88	1968.05	1862.85	1874.30	1911.10	1540.49
279.89	319.76	305.55	344.46	316.30	343.44	351.63	349.14	323.80	293.53	292.98	344.43	271.46	320.93	292.03	236.99	245.02	240.76	223.42	210.59
157.23	148.58	177.61	130.07	158.21	160.59	152.06	141.25	131.18	119.48	122.61	142.54	99.91	124.50	99.71	111.91	128.17	131.98	100.49	129.27
150.06	143.43	150.30	130.55	147.57	154.73	127.97	144.27	134.07	106.90	124.62	111.42	104.36	138.56	97.70	106.87	102.04	103.54	132.48	101.21
495.65	560.89	547.97	595.61	606.12	697.70	635.78	522.61	572.67	580.88	576.88	499.63	451.85	426.71	412.28	459.44	531.27	558.58	537.70	475.73
957.95	1061.19	1028.03	1048.80	1026.96	1135.69	1159.92	1047.08	1178.19	1173.06	1255.27	1165.39	1000.94	1022.74	1006.14	1053.35	1057.00	1140.71	1190.74	1158.91
1034.48	1266.21	1312.97	1284.72	1336.83	1451.59	1457.17	1288.15	1383.77	1274.88	1408.59	1359.54	1347.22	1327.83	1339.15	1333.84	1400.88	1421.40	1514.48	1452.41
1120.28	1270.54	1311.80	1385.05	1470.04	1636.19	1734.98	1667.87	1638.71	1599.71	1744.03	1605.38	1475.88	1420.20	1335.69	1333.20	1416.15	1483.88	1533.16	1549.38
1132.89	1316.60	1403.90	1434.43	1586.54	1776.80	1634.22	1645.74	1719.35	1677.89	1769.34	1743.27	1635.53	1563.31	1552.35	1489.39	1413.21	1377.12	1550.10	1440.15
1128.86	1275.74	1379.59	1491.62	1612.87	1709.58	1759.96	1785.89	1816.94	1756.79	1851.94	1829.57	1729.57	1617.72	1552.33	1719.80	1632.99	1568.48	1738.66	1598.19
1228.91	1379.28	1459.00	1465.15	1709.75	1694.46	1718.57	1734.63	1882.87	1850.76	2008.11	1964.18	1839.90	1901.94	1822.78	1877.88	1796.78	1787.70	1905.96	1773.38
1262.58	1400.30	1504.56	1523.13	1703.49	1792.42	1885.37	1827.98	1782.76	1891.49	2046.65	1990.56	2058.16	1944.38	2074.56	2155.49	2165.28	2075.31	2253.98	2085.16
1458.42	1568.18	1630.13	1640.40	1644.86	1708.39	1817.86	1823.08	1844.80	1936.82	1969.01	2105.97	2027.73	2098.45	2135.14	2179.07	2197.37	2142.79	2455.03	2330.67
1588.44	1573.04	1671.61	1781.59	1904.88	1919.73	1876.80	1959.90	1924.04	1823.17	2037.33	1907.96	2001.47	2103.75	2208.26	2386.57	2300.96	2308.33	2504.99	2402.86
1629.57	1720.75	1791.70	1691.38	1761.97	1868.62	1833.21	1801.61	1965.12	1966.69	1926.72	1990.14	2007.59	1970.45	2030.01	2194.06	2140.06	2194.20	2350.12	2309.08
1524.39	1579.78	1645.33	1522.98	1736.77	1724.44	1824.22	1799.47	1782.77	1679.46	1807.01	1879.69	1753.08	1878.11	2011.37	2057.78	2055.11	1913.94	2069.51	1924.07
1260.29	1300.33	1425.57	1318.08	1404.34	1421.64	1415.74	1476.52	1454.89	1438.11	1541.64	1608.12	1608.52	1596.40	1621.95	1723.45	1718.18	1653.16	1839.10	1828.34
878.50	945.66	894.90	959.48	1027.79	1151.36	1075.98	1090.37	1136.76	1089.81	1102.93	1186.51	1229.24	1241.85	1290.62	1367.97	1364.14	1360.13	1461.70	1363.31
543.51	530.02	549.36	565.08	583.27	576.79	593.47	576.43	653.63	636.74	690.44	756.88	767.65	752.02	796.03	844.95	814.40	792.59	973.51	975.84
260.74	262.08	267.66	305.14	320.23	397.94	378.90	369.26	391.43	382.50	403.28	422.97	458.58	403.13	465.31	471.37	494.35	517.46	551.99	529.22
Female deaths
998.11	1209.64	1619.52	1574.45	1592.76	1645.15	1736.46	1924.40	1918.56	1694.71	1841.65	1902.54	1856.99	1826.54	1711.36	1638.94	1625.90	1710.27	1697.68	1285.67
214.88	259.51	259.82	269.81	265.48	287.46	290.97	328.12	257.78	274.75	267.95	270.16	242.79	264.79	224.60	207.57	201.37	203.19	190.71	156.97
111.36	94.21	109.59	117.83	105.63	108.24	121.48	108.39	99.25	99.03	101.18	87.09	77.54	79.13	82.20	74.23	74.50	86.51	77.00	68.05
82.17	102.38	76.65	84.25	108.23	112.09	108.35	89.32	90.35	86.55	84.15	88.09	82.11	84.14	69.17	82.25	63.50	62.84	71.12	79.06
180.81	217.93	230.31	259.69	259.75	279.47	291.79	267.96	239.82	256.31	233.41	232.51	248.03	237.39	200.15	187.86	165.25	156.21	173.54	175.39
340.45	384.62	429.10	491.11	493.02	621.85	636.66	649.48	670.79	600.46	619.07	621.69	605.29	578.31	523.31	450.58	418.19	389.03	416.26	397.82
462.86	529.18	647.27	672.74	830.07	943.81	1052.12	1016.85	939.90	889.31	956.10	933.60	968.67	944.05	886.56	795.43	692.24	697.54	751.26	722.17
503.27	593.34	692.62	783.16	866.44	1007.03	1068.30	1190.09	1039.38	1107.80	1069.53	1023.80	994.49	981.11	843.89	897.37	795.22	812.39	917.94	874.51
593.68	700.38	752.16	865.23	904.47	1011.95	1039.24	1074.62	1054.44	1040.80	1036.29	1131.54	1037.45	1008.62	998.15	936.57	880.30	909.98	873.98	876.51
600.74	736.18	682.08	780.03	905.25	999.90	1054.44	1053.63	1110.84	1063.18	1145.30	1209.65	1101.81	1057.51	1090.39	1042.35	1013.69	1022.31	1084.46	978.87
741.03	786.78	860.73	903.77	963.86	912.76	1105.75	1063.47	1193.76	1084.54	1231.05	1211.55	1259.07	1184.63	1208.15	1219.09	1140.81	1150.88	1228.01	1149.17
771.99	855.40	890.49	958.20	1042.26	1118.62	1110.12	1176.35	1209.13	1289.19	1290.80	1332.39	1298.61	1396.71	1388.61	1440.42	1408.34	1350.34	1467.66	1463.27
891.18	969.61	1009.94	1030.64	1018.61	1081.26	1171.40	1202.29	1287.89	1322.04	1340.15	1446.54	1453.13	1361.20	1493.72	1494.19	1498.55	1563.34	1667.67	1658.42
1119.66	1178.25	1216.48	1296.85	1290.17	1355.30	1364.64	1426.48	1417.79	1375.39	1436.34	1458.82	1517.39	1536.21	1678.57	1628.79	1618.62	1795.57	1927.33	1898.55
1251.24	1285.42	1398.64	1344.81	1424.82	1445.42	1503.49	1497.63	1540.52	1569.57	1541.58	1520.02	1603.40	1596.07	1628.43	1720.02	1688.97	1746.32	1962.71	1874.11
1238.30	1358.83	1452.60	1447.81	1559.21	1629.48	1670.07	1555.96	1661.88	1578.89	1673.92	1604.13	1615.04	1700.22	1814.39	1809.46	1857.88	1659.67	1901.19	1869.30
1286.39	1388.34	1438.37	1308.42	1443.12	1484.85	1486.99	1475.78	1691.27	1514.38	1697.01	1745.82	1669.17	1810.97	1841.10	1817.09	1750.20	1735.82	2119.14	1945.89
1225.99	1266.44	1297.20	1307.50	1382.09	1353.85	1490.41	1392.23	1509.16	1445.46	1461.12	1585.65	1554.01	1623.80	1742.84	1803.65	1734.73	1818.13	1991.97	1809.85
1003.62	1084.63	1090.43	1065.51	1110.33	1143.85	1156.24	1124.67	1170.12	1227.81	1271.22	1316.37	1282.66	1289.12	1421.12	1480.43	1408.58	1457.58	1584.70	1535.31
639.09	714.93	775.65	775.48	894.91	943.60	1032.84	899.22	1090.93	1036.99	1078.61	1123.80	1145.48	1159.39	1229.01	1253.28	1217.94	1267.68	1444.46	1380.87
SElogNonHIVmort
0.1250
AdjustedCompleteness
1.2972	1.2130	1.2755	1.1803	1.1614	1.1362	1.0428	1.0706	1.0553	0.9643	1.0191	1.0377	0.9806	1.0089	1.0223	1.0788	1.0577	1.0011	1.0679	1.0277
1.2834	1.2138	1.2621	1.1409	1.1293	1.1032	1.0582	1.0501	1.0563	0.9583	1.0038	1.0368	0.9942	1.0447	1.0605	1.0886	1.0523	1.0197	1.1201	1.0607
